#TREATMENT-PLAN-DESCRIPTION
#PlanName
Plan1
#NumberOfFractions
1
##FractionID
1
##NumberOfFields
1
###FieldsID
2
#TotalMetersetWeightOfAllFields
5748.992978
#FIELD-DESCRIPTION
###FieldID
2
###FinalCumulativeMetersetWeight
5748.992978
###GantryAngle
90
###PatientSupportAngle
330
###IsocentrePosition
-7.8009070264814 -311.96518982743 17.8069702744128
###NumberOfControlPoints
12
#SPOTS-DESCRIPTION
####ControlPointIndex
0
####SpotTunnedID
4.0
####CumulativeMetersetWeight
0
####Energy (MeV)
135.261
####NbOfScannedSpots
109
####X Y Weight
-15.867535591125488 9.281265258789062 1.5546221733093262
-15.867535591125488 4.640632629394531 2.4429776668548584
-11.900651931762695 -20.88284683227539 1.11044442653656
-11.900651931762695 -16.24221420288086 1.11044442653656
-11.900651931762695 -11.601581573486328 2.22088885307312
-11.900651931762695 -6.960948944091797 4.219688892364502
-11.900651931762695 -2.3203163146972656 3.442377805709839
-11.900651931762695 2.3203163146972656 2.3319332599639893
-11.900651931762695 6.960948944091797 2.4429776668548584
-11.900651931762695 11.601581573486328 2.3319332599639893
-7.933767795562744 18.562530517578125 1.332533359527588
-7.933767795562744 13.921897888183594 5.996399879455566
-7.933767795562744 9.281265258789062 3.3313333988189697
-7.933767795562744 4.640632629394531 2.776111125946045
-7.933767795562744 1.7763568394002505e-15 1.8877555131912231
-7.933767795562744 -4.640632629394531 2.5540223121643066
-7.933767795562744 -9.281265258789062 6.1074442863464355
-7.933767795562744 -13.921897888183594 9.105644226074219
-7.933767795562744 -18.562530517578125 6.1074442863464355
-7.933767795562744 -23.203163146972656 1.8877555131912231
-3.966883897781372 -20.88284683227539 5.108044624328613
-3.966883897781372 -16.24221420288086 11.21548843383789
-3.966883897781372 -11.601581573486328 10.438178062438965
-3.966883897781372 -6.960948944091797 4.774910926818848
-3.966883897781372 -2.3203163146972656 1.6656666994094849
-3.966883897781372 2.3203163146972656 1.5546221733093262
-3.966883897781372 6.960948944091797 3.2202889919281006
-3.966883897781372 11.601581573486328 2.665066719055176
-3.966883897781372 16.24221420288086 5.663266658782959
-3.966883897781372 20.88284683227539 2.887155532836914
-6.217248937900877e-15 23.203163146972656 1.776711106300354
-6.217248937900877e-15 18.562530517578125 4.885955333709717
-6.217248937900877e-15 13.921897888183594 2.109844446182251
-6.217248937900877e-15 9.281265258789062 2.3319332599639893
-6.217248937900877e-15 4.640632629394531 1.8877555131912231
-6.217248937900877e-15 1.7763568394002505e-15 2.109844446182251
-6.217248937900877e-15 -4.640632629394531 10.660266876220703
-6.217248937900877e-15 -9.281265258789062 14.657866477966309
-6.217248937900877e-15 -13.921897888183594 19.210689544677734
-6.217248937900877e-15 -18.562530517578125 19.65486717224121
-6.217248937900877e-15 -23.203163146972656 4.6638665199279785
3.966883897781372 -25.523479461669922 1.8877555131912231
3.966883897781372 -20.88284683227539 8.661466598510742
3.966883897781372 -16.24221420288086 15.43517780303955
3.966883897781372 -11.601581573486328 6.55162239074707
3.966883897781372 -6.960948944091797 14.102643966674805
3.966883897781372 -2.3203163146972656 8.661466598510742
3.966883897781372 2.3203163146972656 3.442377805709839
3.966883897781372 6.960948944091797 3.2202889919281006
3.966883897781372 11.601581573486328 4.552822113037109
3.966883897781372 16.24221420288086 5.108044624328613
3.966883897781372 20.88284683227539 4.552822113037109
7.933767795562744 23.203163146972656 1.776711106300354
7.933767795562744 18.562530517578125 3.442377805709839
7.933767795562744 13.921897888183594 3.8865556716918945
7.933767795562744 9.281265258789062 3.7755110263824463
7.933767795562744 4.640632629394531 4.885955333709717
7.933767795562744 1.7763568394002505e-15 9.549821853637695
7.933767795562744 -4.640632629394531 17.433977127075195
7.933767795562744 -9.281265258789062 9.882955551147461
7.933767795562744 -13.921897888183594 15.657266616821289
7.933767795562744 -18.562530517578125 18.32233238220215
7.933767795562744 -23.203163146972656 6.55162239074707
7.933767795562744 -27.843795776367188 1.11044442653656
11.900651931762695 -25.523479461669922 9.438777923583984
11.900651931762695 -20.88284683227539 13.43637752532959
11.900651931762695 -16.24221420288086 23.430377960205078
11.900651931762695 -11.601581573486328 13.43637752532959
11.900651931762695 -6.960948944091797 13.547422409057617
11.900651931762695 -2.3203163146972656 20.2100887298584
11.900651931762695 2.3203163146972656 9.438777923583984
11.900651931762695 6.960948944091797 2.665066719055176
11.900651931762695 11.601581573486328 1.332533359527588
11.900651931762695 16.24221420288086 1.11044442653656
11.900651931762695 20.88284683227539 3.7755110263824463
15.867535591125488 23.203163146972656 1.776711106300354
15.867535591125488 18.562530517578125 4.997000217437744
15.867535591125488 13.921897888183594 3.1092443466186523
15.867535591125488 9.281265258789062 3.3313333988189697
15.867535591125488 4.640632629394531 5.663266658782959
15.867535591125488 1.7763568394002505e-15 17.989200592041016
15.867535591125488 -4.640632629394531 15.213088989257812
15.867535591125488 -9.281265258789062 9.216689109802246
15.867535591125488 -13.921897888183594 9.771910667419434
15.867535591125488 -18.562530517578125 9.771910667419434
15.867535591125488 -23.203163146972656 10.993399620056152
15.867535591125488 -27.843795776367188 6.440577983856201
19.83441925048828 -30.164112091064453 2.776111125946045
19.83441925048828 -25.523479461669922 9.438777923583984
19.83441925048828 -20.88284683227539 10.216089248657227
19.83441925048828 -16.24221420288086 8.217288970947266
19.83441925048828 -11.601581573486328 11.881755828857422
19.83441925048828 -6.960948944091797 12.214888572692871
19.83441925048828 -2.3203163146972656 11.881755828857422
19.83441925048828 2.3203163146972656 6.6626667976379395
19.83441925048828 6.960948944091797 3.442377805709839
19.83441925048828 11.601581573486328 3.664466619491577
19.83441925048828 16.24221420288086 2.3319332599639893
23.80130386352539 1.7763568394002505e-15 2.776111125946045
23.80130386352539 -4.640632629394531 7.106844425201416
23.80130386352539 -9.281265258789062 12.214888572692871
23.80130386352539 -13.921897888183594 10.1050443649292
23.80130386352539 -18.562530517578125 8.77251148223877
23.80130386352539 -23.203163146972656 5.774311065673828
23.80130386352539 -27.843795776367188 2.3319332599639893
27.768186569213867 -20.88284683227539 1.11044442653656
27.768186569213867 -16.24221420288086 2.22088885307312
27.768186569213867 -11.601581573486328 2.665066719055176
27.768186569213867 -6.960948944091797 1.776711106300354
####ControlPointIndex
1
####SpotTunnedID
4.0
####CumulativeMetersetWeight
719.568
####Energy (MeV)
131.078
####NbOfScannedSpots
142
####X Y Weight
-24.09058380126953 9.44129467010498 1.332533359527588
-24.09058380126953 4.72064733505249 2.109844446182251
-20.07548713684082 2.360323667526245 4.552822113037109
-20.07548713684082 7.080970764160156 5.441177845001221
-20.07548713684082 11.801618576049805 4.330733299255371
-20.07548713684082 16.522266387939453 1.776711106300354
-16.060388565063477 18.88258934020996 2.5540223121643066
-16.060388565063477 14.161941528320312 1.9988000392913818
-16.060388565063477 9.44129467010498 1.11044442653656
-16.060388565063477 4.72064733505249 1.9988000392913818
-16.060388565063477 -1.0658141036401503e-14 2.776111125946045
-16.060388565063477 -4.72064733505249 1.11044442653656
-16.060388565063477 -23.60323715209961 3.3313333988189697
-12.045291900634766 -25.963560104370117 4.330733299255371
-12.045291900634766 -21.24291229248047 9.549821853637695
-12.045291900634766 -16.522266387939453 14.768911361694336
-12.045291900634766 -11.801618576049805 17.433977127075195
-12.045291900634766 -7.080970764160156 8.550422668457031
-12.045291900634766 -2.360323667526245 4.219688892364502
-12.045291900634766 2.360323667526245 1.776711106300354
-12.045291900634766 7.080970764160156 2.109844446182251
-12.045291900634766 11.801618576049805 2.109844446182251
-12.045291900634766 16.522266387939453 1.8877555131912231
-12.045291900634766 21.24291229248047 2.22088885307312
-12.045291900634766 25.963560104370117 1.11044442653656
-8.030194282531738 28.323883056640625 1.11044442653656
-8.030194282531738 23.60323715209961 3.2202889919281006
-8.030194282531738 18.88258934020996 3.3313333988189697
-8.030194282531738 14.161941528320312 5.330133438110352
-8.030194282531738 9.44129467010498 4.885955333709717
-8.030194282531738 4.72064733505249 2.109844446182251
-8.030194282531738 -1.0658141036401503e-14 1.11044442653656
-8.030194282531738 -4.72064733505249 2.998199939727783
-8.030194282531738 -9.44129467010498 13.547422409057617
-8.030194282531738 -14.161941528320312 19.432777404785156
-8.030194282531738 -18.88258934020996 9.438777923583984
-8.030194282531738 -23.60323715209961 4.108644485473633
-4.015097141265869 -25.963560104370117 2.22088885307312
-4.015097141265869 -21.24291229248047 12.770111083984375
-4.015097141265869 -16.522266387939453 6.1074442863464355
-4.015097141265869 -11.801618576049805 4.552822113037109
-4.015097141265869 -7.080970764160156 9.771910667419434
-4.015097141265869 -2.360323667526245 3.7755110263824463
-4.015097141265869 2.360323667526245 2.3319332599639893
-4.015097141265869 7.080970764160156 2.998199939727783
-4.015097141265869 11.801618576049805 3.553422212600708
-4.015097141265869 16.522266387939453 6.1074442863464355
-4.015097141265869 21.24291229248047 4.108644485473633
-4.015097141265869 25.963560104370117 3.9976000785827637
-4.015097141265869 30.684207916259766 1.11044442653656
0.0 28.323883056640625 4.108644485473633
0.0 23.60323715209961 3.2202889919281006
0.0 18.88258934020996 5.330133438110352
0.0 14.161941528320312 3.553422212600708
0.0 9.44129467010498 2.22088885307312
0.0 4.72064733505249 5.55222225189209
0.0 -1.0658141036401503e-14 11.881755828857422
0.0 -4.72064733505249 18.211288452148438
0.0 -9.44129467010498 3.7755110263824463
0.0 -14.161941528320312 1.6656666994094849
0.0 -18.88258934020996 13.43637752532959
0.0 -23.60323715209961 14.102643966674805
4.015097141265869 -25.963560104370117 4.44177770614624
4.015097141265869 -21.24291229248047 8.994600296020508
4.015097141265869 -16.522266387939453 3.3313333988189697
4.015097141265869 -11.801618576049805 1.11044442653656
4.015097141265869 -7.080970764160156 5.330133438110352
4.015097141265869 -2.360323667526245 17.211889266967773
4.015097141265869 2.360323667526245 10.993399620056152
4.015097141265869 7.080970764160156 5.108044624328613
4.015097141265869 11.801618576049805 4.108644485473633
4.015097141265869 16.522266387939453 6.6626667976379395
4.015097141265869 21.24291229248047 4.330733299255371
4.015097141265869 25.963560104370117 4.44177770614624
4.015097141265869 30.684207916259766 3.1092443466186523
8.030194282531738 28.323883056640625 5.219089031219482
8.030194282531738 23.60323715209961 3.442377805709839
8.030194282531738 18.88258934020996 3.9976000785827637
8.030194282531738 14.161941528320312 4.219688892364502
8.030194282531738 9.44129467010498 2.887155532836914
8.030194282531738 4.72064733505249 3.3313333988189697
8.030194282531738 -1.0658141036401503e-14 8.550422668457031
8.030194282531738 -4.72064733505249 8.88355541229248
8.030194282531738 -9.44129467010498 2.3319332599639893
8.030194282531738 -14.161941528320312 1.2214888334274292
8.030194282531738 -18.88258934020996 7.995200157165527
8.030194282531738 -23.60323715209961 6.55162239074707
8.030194282531738 -28.323883056640625 4.552822113037109
12.045291900634766 -30.684207916259766 3.3313333988189697
12.045291900634766 -25.963560104370117 9.882955551147461
12.045291900634766 -21.24291229248047 5.996399879455566
12.045291900634766 -16.522266387939453 6.218488693237305
12.045291900634766 -11.801618576049805 1.2214888334274292
12.045291900634766 -7.080970764160156 2.665066719055176
12.045291900634766 -2.360323667526245 5.885355472564697
12.045291900634766 2.360323667526245 2.998199939727783
12.045291900634766 7.080970764160156 1.332533359527588
12.045291900634766 11.801618576049805 1.5546221733093262
12.045291900634766 16.522266387939453 1.9988000392913818
12.045291900634766 21.24291229248047 2.998199939727783
12.045291900634766 25.963560104370117 4.774910926818848
12.045291900634766 30.684207916259766 1.11044442653656
16.060388565063477 28.323883056640625 1.11044442653656
16.060388565063477 23.60323715209961 6.1074442863464355
16.060388565063477 18.88258934020996 4.552822113037109
16.060388565063477 14.161941528320312 2.665066719055176
16.060388565063477 9.44129467010498 1.9988000392913818
16.060388565063477 4.72064733505249 2.4429776668548584
16.060388565063477 -1.0658141036401503e-14 5.996399879455566
16.060388565063477 -4.72064733505249 4.774910926818848
16.060388565063477 -9.44129467010498 1.776711106300354
16.060388565063477 -14.161941528320312 2.4429776668548584
16.060388565063477 -18.88258934020996 4.552822113037109
16.060388565063477 -23.60323715209961 7.551022052764893
16.060388565063477 -28.323883056640625 9.105644226074219
16.060388565063477 -33.044532775878906 1.11044442653656
20.07548713684082 -30.684207916259766 3.7755110263824463
20.07548713684082 -25.963560104370117 9.438777923583984
20.07548713684082 -21.24291229248047 12.325933456420898
20.07548713684082 -16.522266387939453 8.106244087219238
20.07548713684082 -11.801618576049805 6.884755611419678
20.07548713684082 -7.080970764160156 12.214888572692871
20.07548713684082 -2.360323667526245 11.770710945129395
20.07548713684082 2.360323667526245 4.6638665199279785
20.07548713684082 7.080970764160156 3.442377805709839
20.07548713684082 11.801618576049805 4.885955333709717
20.07548713684082 16.522266387939453 5.774311065673828
20.07548713684082 21.24291229248047 4.330733299255371
24.09058380126953 18.88258934020996 1.11044442653656
24.09058380126953 14.161941528320312 1.8877555131912231
24.09058380126953 9.44129467010498 1.332533359527588
24.09058380126953 -1.0658141036401503e-14 1.6656666994094849
24.09058380126953 -4.72064733505249 9.438777923583984
24.09058380126953 -9.44129467010498 17.989200592041016
24.09058380126953 -14.161941528320312 15.213088989257812
24.09058380126953 -18.88258934020996 12.10384464263916
24.09058380126953 -23.60323715209961 6.884755611419678
24.09058380126953 -28.323883056640625 1.9988000392913818
28.105680465698242 -21.24291229248047 1.11044442653656
28.105680465698242 -16.522266387939453 2.22088885307312
28.105680465698242 -11.801618576049805 3.2202889919281006
28.105680465698242 -7.080970764160156 1.5546221733093262
####ControlPointIndex
2
####SpotTunnedID
4.0
####CumulativeMetersetWeight
1461.011756
####Energy (MeV)
126.995
####NbOfScannedSpots
156
####X Y Weight
-24.40593719482422 14.350899696350098 1.776711106300354
-24.40593719482422 9.567266464233398 3.1092443466186523
-24.40593719482422 4.783633232116699 4.885955333709717
-24.40593719482422 7.105427357601002e-15 2.776111125946045
-24.40593719482422 -4.783633232116699 1.11044442653656
-20.338281631469727 -7.175449848175049 3.7755110263824463
-20.338281631469727 -2.3918166160583496 4.219688892364502
-20.338281631469727 2.3918166160583496 6.884755611419678
-20.338281631469727 7.175449848175049 5.108044624328613
-20.338281631469727 11.95908260345459 3.664466619491577
-20.338281631469727 16.74271583557129 4.885955333709717
-20.338281631469727 21.526350021362305 2.5540223121643066
-16.270626068115234 28.701799392700195 1.11044442653656
-16.270626068115234 23.91816520690918 3.442377805709839
-16.270626068115234 19.134532928466797 2.22088885307312
-16.270626068115234 14.350899696350098 1.11044442653656
-16.270626068115234 9.567266464233398 1.2214888334274292
-16.270626068115234 4.783633232116699 3.1092443466186523
-16.270626068115234 7.105427357601002e-15 3.2202889919281006
-16.270626068115234 -4.783633232116699 2.4429776668548584
-16.270626068115234 -9.567266464233398 4.219688892364502
-16.270626068115234 -14.350899696350098 4.552822113037109
-16.270626068115234 -19.134532928466797 4.219688892364502
-16.270626068115234 -23.91816520690918 8.661466598510742
-16.270626068115234 -28.701799392700195 1.11044442653656
-12.20296859741211 -26.309982299804688 13.214288711547852
-12.20296859741211 -21.526350021362305 14.43577766418457
-12.20296859741211 -16.74271583557129 22.653066635131836
-12.20296859741211 -11.95908260345459 20.87635612487793
-12.20296859741211 -7.175449848175049 12.992199897766113
-12.20296859741211 -2.3918166160583496 12.43697738647461
-12.20296859741211 2.3918166160583496 7.328933238983154
-12.20296859741211 7.175449848175049 3.664466619491577
-12.20296859741211 11.95908260345459 1.8877555131912231
-12.20296859741211 16.74271583557129 1.332533359527588
-12.20296859741211 21.526350021362305 1.332533359527588
-12.20296859741211 26.309982299804688 3.8865556716918945
-12.20296859741211 31.093616485595703 1.2214888334274292
-8.135313034057617 28.701799392700195 5.108044624328613
-8.135313034057617 23.91816520690918 2.4429776668548584
-8.135313034057617 19.134532928466797 4.108644485473633
-8.135313034057617 14.350899696350098 7.217888832092285
-8.135313034057617 9.567266464233398 8.550422668457031
-8.135313034057617 4.783633232116699 10.882355690002441
-8.135313034057617 7.105427357601002e-15 18.100244522094727
-8.135313034057617 -4.783633232116699 11.437578201293945
-8.135313034057617 -9.567266464233398 1.6656666994094849
-8.135313034057617 -14.350899696350098 1.11044442653656
-8.135313034057617 -19.134532928466797 1.2214888334274292
-8.135313034057617 -23.91816520690918 6.329533100128174
-4.067656517028809 -26.309982299804688 6.884755611419678
-4.067656517028809 -21.526350021362305 2.776111125946045
-4.067656517028809 -7.175449848175049 1.776711106300354
-4.067656517028809 -2.3918166160583496 5.996399879455566
-4.067656517028809 2.3918166160583496 12.10384464263916
-4.067656517028809 7.175449848175049 9.438777923583984
-4.067656517028809 11.95908260345459 6.884755611419678
-4.067656517028809 16.74271583557129 9.660866737365723
-4.067656517028809 21.526350021362305 5.663266658782959
-4.067656517028809 26.309982299804688 3.9976000785827637
-4.067656517028809 31.093616485595703 4.885955333709717
-7.105427357601002e-15 33.48543167114258 1.776711106300354
-7.105427357601002e-15 28.701799392700195 5.774311065673828
-7.105427357601002e-15 23.91816520690918 4.330733299255371
-7.105427357601002e-15 19.134532928466797 8.217288970947266
-7.105427357601002e-15 14.350899696350098 6.218488693237305
-7.105427357601002e-15 9.567266464233398 5.885355472564697
-7.105427357601002e-15 4.783633232116699 11.21548843383789
-7.105427357601002e-15 7.105427357601002e-15 4.330733299255371
-7.105427357601002e-15 -4.783633232116699 1.9988000392913818
-7.105427357601002e-15 -19.134532928466797 1.11044442653656
-7.105427357601002e-15 -23.91816520690918 10.882355690002441
-7.105427357601002e-15 -28.701799392700195 3.3313333988189697
4.067656517028809 -31.093616485595703 1.11044442653656
4.067656517028809 -26.309982299804688 9.327733039855957
4.067656517028809 -21.526350021362305 1.2214888334274292
4.067656517028809 -16.74271583557129 2.776111125946045
4.067656517028809 -11.95908260345459 6.773711204528809
4.067656517028809 -7.175449848175049 1.9988000392913818
4.067656517028809 -2.3918166160583496 1.2214888334274292
4.067656517028809 2.3918166160583496 5.885355472564697
4.067656517028809 7.175449848175049 14.879955291748047
4.067656517028809 11.95908260345459 13.10324478149414
4.067656517028809 16.74271583557129 12.325933456420898
4.067656517028809 21.526350021362305 7.217888832092285
4.067656517028809 26.309982299804688 4.774910926818848
4.067656517028809 31.093616485595703 5.219089031219482
8.135313034057617 33.48543167114258 1.332533359527588
8.135313034057617 28.701799392700195 5.663266658782959
8.135313034057617 23.91816520690918 4.885955333709717
8.135313034057617 19.134532928466797 6.55162239074707
8.135313034057617 14.350899696350098 10.993399620056152
8.135313034057617 9.567266464233398 15.657266616821289
8.135313034057617 4.783633232116699 7.217888832092285
8.135313034057617 7.105427357601002e-15 1.332533359527588
8.135313034057617 -4.783633232116699 1.6656666994094849
8.135313034057617 -9.567266464233398 6.884755611419678
8.135313034057617 -14.350899696350098 5.885355472564697
8.135313034057617 -19.134532928466797 4.108644485473633
8.135313034057617 -23.91816520690918 3.1092443466186523
8.135313034057617 -28.701799392700195 7.662066459655762
12.20296859741211 -31.093616485595703 8.994600296020508
12.20296859741211 -26.309982299804688 5.774311065673828
12.20296859741211 -21.526350021362305 4.108644485473633
12.20296859741211 -16.74271583557129 2.665066719055176
12.20296859741211 -11.95908260345459 2.22088885307312
12.20296859741211 -7.175449848175049 3.553422212600708
12.20296859741211 -2.3918166160583496 1.5546221733093262
12.20296859741211 2.3918166160583496 2.5540223121643066
12.20296859741211 7.175449848175049 7.106844425201416
12.20296859741211 11.95908260345459 6.1074442863464355
12.20296859741211 16.74271583557129 3.7755110263824463
12.20296859741211 21.526350021362305 4.44177770614624
12.20296859741211 26.309982299804688 4.997000217437744
12.20296859741211 31.093616485595703 2.4429776668548584
16.270626068115234 28.701799392700195 1.9988000392913818
16.270626068115234 23.91816520690918 6.6626667976379395
16.270626068115234 19.134532928466797 6.440577983856201
16.270626068115234 14.350899696350098 5.885355472564697
16.270626068115234 9.567266464233398 7.328933238983154
16.270626068115234 4.783633232116699 6.329533100128174
16.270626068115234 7.105427357601002e-15 3.664466619491577
16.270626068115234 -4.783633232116699 3.442377805709839
16.270626068115234 -9.567266464233398 1.443577766418457
16.270626068115234 -19.134532928466797 1.2214888334274292
16.270626068115234 -23.91816520690918 4.885955333709717
16.270626068115234 -28.701799392700195 8.88355541229248
16.270626068115234 -33.48543167114258 2.109844446182251
20.338281631469727 -31.093616485595703 3.1092443466186523
20.338281631469727 -26.309982299804688 8.550422668457031
20.338281631469727 -21.526350021362305 7.773111343383789
20.338281631469727 -16.74271583557129 2.22088885307312
20.338281631469727 -11.95908260345459 2.22088885307312
20.338281631469727 -7.175449848175049 5.55222225189209
20.338281631469727 -2.3918166160583496 5.663266658782959
20.338281631469727 2.3918166160583496 4.44177770614624
20.338281631469727 7.175449848175049 5.108044624328613
20.338281631469727 11.95908260345459 6.773711204528809
20.338281631469727 16.74271583557129 7.217888832092285
20.338281631469727 21.526350021362305 5.55222225189209
20.338281631469727 26.309982299804688 1.5546221733093262
24.40593719482422 19.134532928466797 1.11044442653656
24.40593719482422 14.350899696350098 2.109844446182251
24.40593719482422 9.567266464233398 1.5546221733093262
24.40593719482422 4.783633232116699 1.11044442653656
24.40593719482422 7.105427357601002e-15 1.332533359527588
24.40593719482422 -4.783633232116699 4.774910926818848
24.40593719482422 -9.567266464233398 9.438777923583984
24.40593719482422 -14.350899696350098 9.771910667419434
24.40593719482422 -19.134532928466797 10.771310806274414
24.40593719482422 -23.91816520690918 6.6626667976379395
24.40593719482422 -28.701799392700195 1.11044442653656
28.473594665527344 -21.526350021362305 1.11044442653656
28.473594665527344 -16.74271583557129 1.8877555131912231
28.473594665527344 -11.95908260345459 2.109844446182251
28.473594665527344 -7.175449848175049 1.11044442653656
####ControlPointIndex
3
####SpotTunnedID
4.0
####CumulativeMetersetWeight
2290.069578
####Energy (MeV)
123.006
####NbOfScannedSpots
167
####X Y Weight
-24.712772369384766 19.35529327392578 1.11044442653656
-24.712772369384766 14.516470909118652 2.5540223121643066
-24.712772369384766 9.67764663696289 3.8865556716918945
-24.712772369384766 4.838823318481445 7.439977645874023
-24.712772369384766 7.105427357601002e-15 4.44177770614624
-24.712772369384766 -4.838823318481445 1.332533359527588
-20.593976974487305 -26.613529205322266 1.11044442653656
-20.593976974487305 -21.77470588684082 1.11044442653656
-20.593976974487305 -16.935882568359375 1.11044442653656
-20.593976974487305 -12.09705924987793 3.2202889919281006
-20.593976974487305 -7.258235454559326 5.996399879455566
-20.593976974487305 -2.4194116592407227 3.553422212600708
-20.593976974487305 2.4194116592407227 9.882955551147461
-20.593976974487305 7.258235454559326 10.549221992492676
-20.593976974487305 12.09705924987793 5.774311065673828
-20.593976974487305 16.935882568359375 4.774910926818848
-20.593976974487305 21.77470588684082 4.219688892364502
-20.593976974487305 26.613529205322266 1.2214888334274292
-16.475181579589844 29.032941818237305 2.4429776668548584
-16.475181579589844 24.19411849975586 3.664466619491577
-16.475181579589844 19.35529327392578 2.109844446182251
-16.475181579589844 14.516470909118652 3.442377805709839
-16.475181579589844 9.67764663696289 8.77251148223877
-16.475181579589844 4.838823318481445 12.325933456420898
-16.475181579589844 7.105427357601002e-15 5.885355472564697
-16.475181579589844 -4.838823318481445 3.553422212600708
-16.475181579589844 -9.67764663696289 5.885355472564697
-16.475181579589844 -14.516470909118652 3.553422212600708
-16.475181579589844 -19.35529327392578 7.662066459655762
-16.475181579589844 -24.19411849975586 12.43697738647461
-16.475181579589844 -29.032941818237305 2.5540223121643066
-12.356386184692383 -31.45235252380371 1.11044442653656
-12.356386184692383 -26.613529205322266 21.542621612548828
-12.356386184692383 -21.77470588684082 8.328332901000977
-12.356386184692383 -16.935882568359375 1.11044442653656
-12.356386184692383 -12.09705924987793 1.11044442653656
-12.356386184692383 -7.258235454559326 1.9988000392913818
-12.356386184692383 -2.4194116592407227 6.55162239074707
-12.356386184692383 2.4194116592407227 13.769511222839355
-12.356386184692383 7.258235454559326 11.548622131347656
-12.356386184692383 12.09705924987793 9.105644226074219
-12.356386184692383 16.935882568359375 3.3313333988189697
-12.356386184692383 21.77470588684082 1.6656666994094849
-12.356386184692383 26.613529205322266 3.442377805709839
-12.356386184692383 31.45235252380371 3.2202889919281006
-8.237590789794922 33.87176513671875 2.4429776668548584
-8.237590789794922 29.032941818237305 5.108044624328613
-8.237590789794922 24.19411849975586 4.108644485473633
-8.237590789794922 19.35529327392578 8.661466598510742
-8.237590789794922 14.516470909118652 13.880555152893066
-8.237590789794922 9.67764663696289 8.994600296020508
-8.237590789794922 4.838823318481445 6.218488693237305
-8.237590789794922 7.105427357601002e-15 6.995800018310547
-8.237590789794922 -4.838823318481445 2.776111125946045
-8.237590789794922 -9.67764663696289 1.11044442653656
-8.237590789794922 -24.19411849975586 5.441177845001221
-8.237590789794922 -29.032941818237305 5.330133438110352
-4.118795394897461 -12.09705924987793 4.219688892364502
-4.118795394897461 -26.613529205322266 16.98979949951172
-4.118795394897461 -7.258235454559326 3.1092443466186523
-4.118795394897461 -2.4194116592407227 2.22088885307312
-4.118795394897461 2.4194116592407227 1.9988000392913818
-4.118795394897461 7.258235454559326 1.332533359527588
-4.118795394897461 12.09705924987793 2.3319332599639893
-4.118795394897461 16.935882568359375 8.328332901000977
-4.118795394897461 21.77470588684082 9.771910667419434
-4.118795394897461 26.613529205322266 5.663266658782959
-4.118795394897461 31.45235252380371 5.441177845001221
-4.118795394897461 36.291175842285156 1.11044442653656
5.329070518200751e-15 33.87176513671875 3.664466619491577
5.329070518200751e-15 29.032941818237305 6.440577983856201
5.329070518200751e-15 24.19411849975586 6.773711204528809
5.329070518200751e-15 19.35529327392578 6.218488693237305
5.329070518200751e-15 14.516470909118652 1.332533359527588
5.329070518200751e-15 4.838823318481445 1.2214888334274292
5.329070518200751e-15 7.105427357601002e-15 2.109844446182251
5.329070518200751e-15 -4.838823318481445 1.5546221733093262
5.329070518200751e-15 -9.67764663696289 3.7755110263824463
5.329070518200751e-15 -14.516470909118652 6.329533100128174
5.329070518200751e-15 -19.35529327392578 1.11044442653656
5.329070518200751e-15 -24.19411849975586 4.885955333709717
5.329070518200751e-15 -29.032941818237305 11.21548843383789
4.118795394897461 -31.45235252380371 4.330733299255371
4.118795394897461 -26.613529205322266 11.548622131347656
4.118795394897461 -21.77470588684082 1.11044442653656
4.118795394897461 -16.935882568359375 2.776111125946045
4.118795394897461 -12.09705924987793 2.4429776668548584
4.118795394897461 -7.258235454559326 1.11044442653656
4.118795394897461 -2.4194116592407227 1.776711106300354
4.118795394897461 2.4194116592407227 3.442377805709839
4.118795394897461 7.258235454559326 4.330733299255371
4.118795394897461 12.09705924987793 3.1092443466186523
4.118795394897461 16.935882568359375 5.330133438110352
4.118795394897461 21.77470588684082 6.884755611419678
4.118795394897461 26.613529205322266 6.218488693237305
4.118795394897461 31.45235252380371 5.774311065673828
4.118795394897461 36.291175842285156 1.11044442653656
8.237590789794922 33.87176513671875 2.3319332599639893
8.237590789794922 29.032941818237305 5.774311065673828
8.237590789794922 24.19411849975586 5.996399879455566
8.237590789794922 19.35529327392578 5.55222225189209
8.237590789794922 14.516470909118652 5.219089031219482
8.237590789794922 9.67764663696289 7.217888832092285
8.237590789794922 4.838823318481445 4.774910926818848
8.237590789794922 7.105427357601002e-15 1.2214888334274292
8.237590789794922 -4.838823318481445 1.2214888334274292
8.237590789794922 -9.67764663696289 3.553422212600708
8.237590789794922 -14.516470909118652 5.663266658782959
8.237590789794922 -19.35529327392578 1.332533359527588
8.237590789794922 -29.032941818237305 10.216089248657227
8.237590789794922 -33.87176513671875 3.3313333988189697
12.356386184692383 -36.291175842285156 1.11044442653656
12.356386184692383 -31.45235252380371 10.327133178710938
12.356386184692383 -26.613529205322266 1.9988000392913818
12.356386184692383 -21.77470588684082 1.11044442653656
12.356386184692383 -16.935882568359375 1.443577766418457
12.356386184692383 -12.09705924987793 3.9976000785827637
12.356386184692383 -7.258235454559326 3.1092443466186523
12.356386184692383 -2.4194116592407227 1.11044442653656
12.356386184692383 2.4194116592407227 2.109844446182251
12.356386184692383 7.258235454559326 5.441177845001221
12.356386184692383 12.09705924987793 3.442377805709839
12.356386184692383 16.935882568359375 3.3313333988189697
12.356386184692383 21.77470588684082 6.995800018310547
12.356386184692383 26.613529205322266 6.329533100128174
12.356386184692383 31.45235252380371 2.998199939727783
16.475181579589844 29.032941818237305 2.4429776668548584
16.475181579589844 24.19411849975586 8.88355541229248
16.475181579589844 19.35529327392578 10.549221992492676
16.475181579589844 14.516470909118652 6.995800018310547
16.475181579589844 9.67764663696289 8.994600296020508
16.475181579589844 4.838823318481445 7.662066459655762
16.475181579589844 7.105427357601002e-15 2.665066719055176
16.475181579589844 -4.838823318481445 2.3319332599639893
16.475181579589844 -9.67764663696289 2.776111125946045
16.475181579589844 -14.516470909118652 1.11044442653656
16.475181579589844 -19.35529327392578 1.11044442653656
16.475181579589844 -24.19411849975586 3.3313333988189697
16.475181579589844 -29.032941818237305 7.995200157165527
16.475181579589844 -33.87176513671875 2.998199939727783
20.593976974487305 -31.45235252380371 2.998199939727783
20.593976974487305 -26.613529205322266 7.217888832092285
20.593976974487305 -21.77470588684082 3.8865556716918945
20.593976974487305 -16.935882568359375 1.5546221733093262
20.593976974487305 -12.09705924987793 3.2202889919281006
20.593976974487305 -7.258235454559326 4.997000217437744
20.593976974487305 -2.4194116592407227 2.998199939727783
20.593976974487305 2.4194116592407227 4.108644485473633
20.593976974487305 7.258235454559326 8.106244087219238
20.593976974487305 12.09705924987793 11.548622131347656
20.593976974487305 16.935882568359375 10.216089248657227
20.593976974487305 21.77470588684082 6.995800018310547
20.593976974487305 26.613529205322266 1.776711106300354
24.712772369384766 19.35529327392578 1.443577766418457
24.712772369384766 14.516470909118652 2.3319332599639893
24.712772369384766 9.67764663696289 2.109844446182251
24.712772369384766 4.838823318481445 1.11044442653656
24.712772369384766 7.105427357601002e-15 1.11044442653656
24.712772369384766 -4.838823318481445 2.3319332599639893
24.712772369384766 -9.67764663696289 5.441177845001221
24.712772369384766 -14.516470909118652 5.55222225189209
24.712772369384766 -19.35529327392578 6.329533100128174
24.712772369384766 -24.19411849975586 4.885955333709717
24.712772369384766 -29.032941818237305 1.11044442653656
28.831567764282227 -21.77470588684082 1.11044442653656
28.831567764282227 -16.935882568359375 1.11044442653656
28.831567764282227 -12.09705924987793 1.11044442653656
####ControlPointIndex
4
####SpotTunnedID
4.0
####CumulativeMetersetWeight
3071.822467
####Energy (MeV)
119.097
####NbOfScannedSpots
156
####X Y Weight
-29.173927307128906 2.4450981616973877 1.2214888334274292
-25.006223678588867 -9.78039264678955 2.22088885307312
-25.006223678588867 -4.890196323394775 2.22088885307312
-25.006223678588867 -7.105427357601002e-15 6.773711204528809
-25.006223678588867 4.890196323394775 8.439377784729004
-25.006223678588867 9.78039264678955 5.663266658782959
-25.006223678588867 14.670589447021484 2.998199939727783
-25.006223678588867 19.5607852935791 2.22088885307312
-20.838520050048828 26.896080017089844 2.5540223121643066
-20.838520050048828 22.005884170532227 5.663266658782959
-20.838520050048828 17.115686416625977 6.995800018310547
-20.838520050048828 12.22549057006836 9.994000434875488
-20.838520050048828 7.335294723510742 12.10384464263916
-20.838520050048828 2.4450981616973877 13.769511222839355
-20.838520050048828 -2.4450981616973877 6.1074442863464355
-20.838520050048828 -7.335294723510742 5.885355472564697
-20.838520050048828 -12.22549057006836 4.885955333709717
-20.838520050048828 -17.115686416625977 1.11044442653656
-20.838520050048828 -22.005884170532227 3.442377805709839
-20.838520050048828 -26.896080017089844 1.11044442653656
-16.67081642150879 -29.34117889404297 4.44177770614624
-16.67081642150879 -24.45098114013672 7.662066459655762
-16.67081642150879 -19.5607852935791 9.994000434875488
-16.67081642150879 -14.670589447021484 5.219089031219482
-16.67081642150879 -9.78039264678955 7.662066459655762
-16.67081642150879 -4.890196323394775 3.1092443466186523
-16.67081642150879 -7.105427357601002e-15 1.9988000392913818
-16.67081642150879 4.890196323394775 1.9988000392913818
-16.67081642150879 9.78039264678955 5.774311065673828
-16.67081642150879 14.670589447021484 9.994000434875488
-16.67081642150879 19.5607852935791 8.106244087219238
-16.67081642150879 24.45098114013672 4.219688892364502
-16.67081642150879 29.34117889404297 2.998199939727783
-12.503111839294434 31.78627586364746 3.9976000785827637
-12.503111839294434 26.896080017089844 4.774910926818848
-12.503111839294434 22.005884170532227 6.773711204528809
-12.503111839294434 17.115686416625977 7.328933238983154
-12.503111839294434 12.22549057006836 4.6638665199279785
-12.503111839294434 7.335294723510742 1.776711106300354
-12.503111839294434 2.4450981616973877 1.11044442653656
-12.503111839294434 -2.4450981616973877 1.11044442653656
-12.503111839294434 -7.335294723510742 1.5546221733093262
-12.503111839294434 -12.22549057006836 1.776711106300354
-12.503111839294434 -17.115686416625977 2.776111125946045
-12.503111839294434 -22.005884170532227 1.11044442653656
-12.503111839294434 -26.896080017089844 20.432178497314453
-12.503111839294434 -31.78627586364746 3.442377805709839
-8.335408210754395 -29.34117889404297 9.105644226074219
-8.335408210754395 -24.45098114013672 1.332533359527588
-8.335408210754395 -4.890196323394775 1.8877555131912231
-8.335408210754395 -7.105427357601002e-15 3.2202889919281006
-8.335408210754395 4.890196323394775 1.9988000392913818
-8.335408210754395 9.78039264678955 2.109844446182251
-8.335408210754395 14.670589447021484 5.441177845001221
-8.335408210754395 19.5607852935791 7.884155750274658
-8.335408210754395 24.45098114013672 7.328933238983154
-8.335408210754395 29.34117889404297 6.218488693237305
-8.335408210754395 34.23137283325195 2.776111125946045
-4.167704105377197 36.67647171020508 1.2214888334274292
-4.167704105377197 31.78627586364746 5.330133438110352
-4.167704105377197 26.896080017089844 6.995800018310547
-4.167704105377197 22.005884170532227 3.8865556716918945
-4.167704105377197 17.115686416625977 2.887155532836914
-4.167704105377197 12.22549057006836 1.11044442653656
-4.167704105377197 7.335294723510742 2.109844446182251
-4.167704105377197 2.4450981616973877 4.552822113037109
-4.167704105377197 -2.4450981616973877 4.330733299255371
-4.167704105377197 -7.335294723510742 4.330733299255371
-4.167704105377197 -12.22549057006836 4.774910926818848
-4.167704105377197 -26.896080017089844 6.55162239074707
5.329070518200751e-15 -29.34117889404297 16.98979949951172
5.329070518200751e-15 -14.670589447021484 7.106844425201416
5.329070518200751e-15 -9.78039264678955 1.9988000392913818
5.329070518200751e-15 -4.890196323394775 2.109844446182251
5.329070518200751e-15 -7.105427357601002e-15 3.3313333988189697
5.329070518200751e-15 4.890196323394775 5.108044624328613
5.329070518200751e-15 9.78039264678955 1.11044442653656
5.329070518200751e-15 14.670589447021484 1.5546221733093262
5.329070518200751e-15 19.5607852935791 2.22088885307312
5.329070518200751e-15 24.45098114013672 2.5540223121643066
5.329070518200751e-15 29.34117889404297 6.995800018310547
5.329070518200751e-15 34.23137283325195 3.8865556716918945
4.167704105377197 31.78627586364746 5.885355472564697
4.167704105377197 26.896080017089844 4.108644485473633
4.167704105377197 22.005884170532227 1.8877555131912231
4.167704105377197 17.115686416625977 1.8877555131912231
4.167704105377197 12.22549057006836 4.774910926818848
4.167704105377197 7.335294723510742 4.774910926818848
4.167704105377197 2.4450981616973877 5.219089031219482
4.167704105377197 -2.4450981616973877 1.11044442653656
4.167704105377197 -7.335294723510742 1.11044442653656
4.167704105377197 -12.22549057006836 1.11044442653656
4.167704105377197 -17.115686416625977 1.5546221733093262
4.167704105377197 -26.896080017089844 4.997000217437744
4.167704105377197 -31.78627586364746 13.880555152893066
8.335408210754395 -34.23137283325195 2.887155532836914
8.335408210754395 -29.34117889404297 7.551022052764893
8.335408210754395 -14.670589447021484 5.330133438110352
8.335408210754395 -9.78039264678955 1.8877555131912231
8.335408210754395 -4.890196323394775 1.11044442653656
8.335408210754395 -7.105427357601002e-15 1.11044442653656
8.335408210754395 4.890196323394775 2.998199939727783
8.335408210754395 9.78039264678955 2.887155532836914
8.335408210754395 14.670589447021484 1.5546221733093262
8.335408210754395 19.5607852935791 1.776711106300354
8.335408210754395 24.45098114013672 3.8865556716918945
8.335408210754395 29.34117889404297 6.440577983856201
8.335408210754395 34.23137283325195 2.776111125946045
12.503111839294434 31.78627586364746 2.887155532836914
12.503111839294434 26.896080017089844 8.217288970947266
12.503111839294434 22.005884170532227 4.219688892364502
12.503111839294434 17.115686416625977 1.11044442653656
12.503111839294434 12.22549057006836 1.11044442653656
12.503111839294434 7.335294723510742 2.5540223121643066
12.503111839294434 2.4450981616973877 2.4429776668548584
12.503111839294434 -2.4450981616973877 1.11044442653656
12.503111839294434 -7.335294723510742 1.8877555131912231
12.503111839294434 -12.22549057006836 2.998199939727783
12.503111839294434 -17.115686416625977 1.2214888334274292
12.503111839294434 -31.78627586364746 12.43697738647461
12.503111839294434 -36.67647171020508 1.776711106300354
16.67081642150879 -34.23137283325195 1.9988000392913818
16.67081642150879 -29.34117889404297 4.774910926818848
16.67081642150879 -24.45098114013672 2.887155532836914
16.67081642150879 -19.5607852935791 1.11044442653656
16.67081642150879 -14.670589447021484 1.6656666994094849
16.67081642150879 -9.78039264678955 3.3313333988189697
16.67081642150879 -4.890196323394775 1.6656666994094849
16.67081642150879 -7.105427357601002e-15 2.998199939727783
16.67081642150879 4.890196323394775 6.440577983856201
16.67081642150879 9.78039264678955 5.108044624328613
16.67081642150879 14.670589447021484 2.3319332599639893
16.67081642150879 19.5607852935791 8.217288970947266
16.67081642150879 24.45098114013672 10.882355690002441
16.67081642150879 29.34117889404297 2.665066719055176
20.838520050048828 26.896080017089844 1.11044442653656
20.838520050048828 22.005884170532227 7.551022052764893
20.838520050048828 17.115686416625977 8.88355541229248
20.838520050048828 12.22549057006836 8.217288970947266
20.838520050048828 7.335294723510742 8.439377784729004
20.838520050048828 2.4450981616973877 4.552822113037109
20.838520050048828 -2.4450981616973877 2.109844446182251
20.838520050048828 -7.335294723510742 2.109844446182251
20.838520050048828 -12.22549057006836 2.998199939727783
20.838520050048828 -17.115686416625977 1.6656666994094849
20.838520050048828 -22.005884170532227 1.8877555131912231
20.838520050048828 -26.896080017089844 6.329533100128174
20.838520050048828 -31.78627586364746 2.4429776668548584
25.006223678588867 -24.45098114013672 3.553422212600708
25.006223678588867 -19.5607852935791 5.108044624328613
25.006223678588867 -14.670589447021484 4.997000217437744
25.006223678588867 -9.78039264678955 3.2202889919281006
25.006223678588867 -4.890196323394775 1.11044442653656
25.006223678588867 4.890196323394775 1.11044442653656
25.006223678588867 9.78039264678955 1.8877555131912231
25.006223678588867 14.670589447021484 1.8877555131912231
####ControlPointIndex
5
####SpotTunnedID
4.0
####CumulativeMetersetWeight
3741.087333
####Energy (MeV)
115.257
####NbOfScannedSpots
144
####X Y Weight
-25.300052642822266 -9.871874809265137 3.664466619491577
-25.300052642822266 -4.935937404632568 4.108644485473633
-25.300052642822266 -1.7763568394002505e-15 9.771910667419434
-25.300052642822266 4.935937404632568 6.884755611419678
-25.300052642822266 9.871874809265137 4.774910926818848
-25.300052642822266 14.807812690734863 3.3313333988189697
-25.300052642822266 19.743749618530273 1.776711106300354
-25.300052642822266 24.6796875 1.11044442653656
-21.083375930786133 27.14765739440918 2.4429776668548584
-21.083375930786133 22.211719512939453 6.55162239074707
-21.083375930786133 17.275781631469727 8.994600296020508
-21.083375930786133 12.33984375 6.995800018310547
-21.083375930786133 7.403906345367432 5.219089031219482
-21.083375930786133 2.467968702316284 7.995200157165527
-21.083375930786133 -2.467968702316284 8.661466598510742
-21.083375930786133 -7.403906345367432 11.10444450378418
-21.083375930786133 -12.33984375 7.106844425201416
-21.083375930786133 -17.275781631469727 4.330733299255371
-21.083375930786133 -22.211719512939453 2.22088885307312
-16.866701126098633 -29.615625381469727 5.663266658782959
-16.866701126098633 -24.6796875 6.55162239074707
-16.866701126098633 -19.743749618530273 4.885955333709717
-16.866701126098633 -14.807812690734863 5.663266658782959
-16.866701126098633 -9.871874809265137 5.774311065673828
-16.866701126098633 -4.935937404632568 3.442377805709839
-16.866701126098633 -1.7763568394002505e-15 1.443577766418457
-16.866701126098633 9.871874809265137 2.5540223121643066
-16.866701126098633 14.807812690734863 5.108044624328613
-16.866701126098633 19.743749618530273 8.439377784729004
-16.866701126098633 24.6796875 5.885355472564697
-16.866701126098633 29.615625381469727 3.664466619491577
-12.650026321411133 32.083595275878906 4.330733299255371
-12.650026321411133 27.14765739440918 6.6626667976379395
-12.650026321411133 22.211719512939453 3.8865556716918945
-12.650026321411133 17.275781631469727 1.9988000392913818
-12.650026321411133 12.33984375 1.6656666994094849
-12.650026321411133 7.403906345367432 1.11044442653656
-12.650026321411133 -12.33984375 1.2214888334274292
-12.650026321411133 -27.14765739440918 9.438777923583984
-12.650026321411133 -32.083595275878906 6.6626667976379395
-8.433350563049316 -29.615625381469727 20.099044799804688
-8.433350563049316 -4.935937404632568 2.3319332599639893
-8.433350563049316 -1.7763568394002505e-15 3.7755110263824463
-8.433350563049316 4.935937404632568 3.7755110263824463
-8.433350563049316 9.871874809265137 3.3313333988189697
-8.433350563049316 14.807812690734863 2.887155532836914
-8.433350563049316 19.743749618530273 1.9988000392913818
-8.433350563049316 24.6796875 4.885955333709717
-8.433350563049316 29.615625381469727 7.773111343383789
-8.433350563049316 34.55156326293945 2.998199939727783
-4.216675281524658 32.083595275878906 8.994600296020508
-4.216675281524658 27.14765739440918 3.664466619491577
-4.216675281524658 22.211719512939453 1.2214888334274292
-4.216675281524658 17.275781631469727 2.5540223121643066
-4.216675281524658 12.33984375 2.665066719055176
-4.216675281524658 7.403906345367432 3.2202889919281006
-4.216675281524658 2.467968702316284 3.553422212600708
-4.216675281524658 -2.467968702316284 4.330733299255371
-4.216675281524658 -7.403906345367432 2.4429776668548584
-4.216675281524658 -12.33984375 7.439977645874023
-4.216675281524658 -27.14765739440918 2.887155532836914
-4.216675281524658 -32.083595275878906 6.55162239074707
5.329070518200751e-15 -29.615625381469727 12.548022270202637
5.329070518200751e-15 -14.807812690734863 6.440577983856201
5.329070518200751e-15 -9.871874809265137 1.11044442653656
5.329070518200751e-15 -4.935937404632568 1.443577766418457
5.329070518200751e-15 -1.7763568394002505e-15 1.2214888334274292
5.329070518200751e-15 4.935937404632568 3.2202889919281006
5.329070518200751e-15 9.871874809265137 1.11044442653656
5.329070518200751e-15 14.807812690734863 4.108644485473633
5.329070518200751e-15 24.6796875 1.11044442653656
5.329070518200751e-15 29.615625381469727 8.88355541229248
5.329070518200751e-15 34.55156326293945 1.9988000392913818
4.216675281524658 32.083595275878906 9.771910667419434
4.216675281524658 27.14765739440918 2.776111125946045
4.216675281524658 22.211719512939453 1.8877555131912231
4.216675281524658 12.33984375 6.1074442863464355
4.216675281524658 7.403906345367432 2.776111125946045
4.216675281524658 2.467968702316284 2.776111125946045
4.216675281524658 -2.467968702316284 1.11044442653656
4.216675281524658 -7.403906345367432 1.11044442653656
4.216675281524658 -12.33984375 1.332533359527588
4.216675281524658 -17.275781631469727 2.22088885307312
4.216675281524658 -32.083595275878906 14.768911361694336
8.433350563049316 -34.55156326293945 8.994600296020508
8.433350563049316 -29.615625381469727 3.553422212600708
8.433350563049316 -14.807812690734863 4.219688892364502
8.433350563049316 -9.871874809265137 1.776711106300354
8.433350563049316 -4.935937404632568 1.11044442653656
8.433350563049316 -1.7763568394002505e-15 1.11044442653656
8.433350563049316 4.935937404632568 2.22088885307312
8.433350563049316 9.871874809265137 2.109844446182251
8.433350563049316 19.743749618530273 1.9988000392913818
8.433350563049316 24.6796875 1.332533359527588
8.433350563049316 29.615625381469727 15.102044105529785
8.433350563049316 34.55156326293945 1.11044442653656
12.650026321411133 32.083595275878906 4.108644485473633
12.650026321411133 27.14765739440918 10.216089248657227
12.650026321411133 22.211719512939453 2.22088885307312
12.650026321411133 17.275781631469727 1.11044442653656
12.650026321411133 12.33984375 1.11044442653656
12.650026321411133 7.403906345367432 1.5546221733093262
12.650026321411133 2.467968702316284 2.776111125946045
12.650026321411133 -2.467968702316284 1.443577766418457
12.650026321411133 -7.403906345367432 1.9988000392913818
12.650026321411133 -12.33984375 2.887155532836914
12.650026321411133 -17.275781631469727 1.9988000392913818
12.650026321411133 -27.14765739440918 1.776711106300354
12.650026321411133 -32.083595275878906 8.328332901000977
12.650026321411133 -37.01953125 1.2214888334274292
16.866701126098633 -34.55156326293945 1.11044442653656
16.866701126098633 -29.615625381469727 2.887155532836914
16.866701126098633 -24.6796875 1.11044442653656
16.866701126098633 -19.743749618530273 1.332533359527588
16.866701126098633 -14.807812690734863 2.3319332599639893
16.866701126098633 -9.871874809265137 2.22088885307312
16.866701126098633 -4.935937404632568 1.2214888334274292
16.866701126098633 -1.7763568394002505e-15 2.5540223121643066
16.866701126098633 4.935937404632568 4.997000217437744
16.866701126098633 9.871874809265137 3.1092443466186523
16.866701126098633 14.807812690734863 1.6656666994094849
16.866701126098633 19.743749618530273 4.885955333709717
16.866701126098633 24.6796875 10.882355690002441
16.866701126098633 29.615625381469727 2.109844446182251
21.083375930786133 27.14765739440918 1.2214888334274292
21.083375930786133 22.211719512939453 6.6626667976379395
21.083375930786133 17.275781631469727 6.773711204528809
21.083375930786133 12.33984375 6.218488693237305
21.083375930786133 7.403906345367432 6.440577983856201
21.083375930786133 2.467968702316284 3.2202889919281006
21.083375930786133 -2.467968702316284 1.2214888334274292
21.083375930786133 -7.403906345367432 1.11044442653656
21.083375930786133 -12.33984375 1.8877555131912231
21.083375930786133 -17.275781631469727 2.776111125946045
21.083375930786133 -22.211719512939453 4.108644485473633
21.083375930786133 -27.14765739440918 3.7755110263824463
21.083375930786133 -32.083595275878906 1.11044442653656
25.300052642822266 -24.6796875 2.5540223121643066
25.300052642822266 -19.743749618530273 3.664466619491577
25.300052642822266 -14.807812690734863 2.887155532836914
25.300052642822266 -9.871874809265137 1.443577766418457
25.300052642822266 4.935937404632568 1.11044442653656
25.300052642822266 9.871874809265137 1.11044442653656
25.300052642822266 14.807812690734863 1.8877555131912231
####ControlPointIndex
6
####SpotTunnedID
4.0
####CumulativeMetersetWeight
4328.4014
####Energy (MeV)
111.481
####NbOfScannedSpots
145
####X Y Weight
-25.634111404418945 -9.95307731628418 2.4429776668548584
-25.634111404418945 -4.97653865814209 4.219688892364502
-25.634111404418945 -1.7763568394002505e-15 6.6626667976379395
-25.634111404418945 4.97653865814209 4.552822113037109
-25.634111404418945 9.95307731628418 3.9976000785827637
-25.634111404418945 14.92961597442627 2.4429776668548584
-25.634111404418945 19.90615463256836 2.776111125946045
-21.361759185791016 27.370962142944336 3.2202889919281006
-21.361759185791016 22.394424438476562 9.216689109802246
-21.361759185791016 17.417884826660156 8.994600296020508
-21.361759185791016 12.441347122192383 5.441177845001221
-21.361759185791016 7.464807987213135 3.9976000785827637
-21.361759185791016 2.488269329071045 4.108644485473633
-21.361759185791016 -2.488269329071045 9.994000434875488
-21.361759185791016 -7.464807987213135 20.2100887298584
-21.361759185791016 -12.441347122192383 11.437578201293945
-21.361759185791016 -17.417884826660156 3.3313333988189697
-21.361759185791016 -22.394424438476562 1.332533359527588
-17.089406967163086 -29.85923194885254 2.109844446182251
-17.089406967163086 -24.882694244384766 3.8865556716918945
-17.089406967163086 -19.90615463256836 1.6656666994094849
-17.089406967163086 -14.92961597442627 4.330733299255371
-17.089406967163086 -9.95307731628418 4.44177770614624
-17.089406967163086 -4.97653865814209 1.11044442653656
-17.089406967163086 9.95307731628418 1.9988000392913818
-17.089406967163086 14.92961597442627 2.998199939727783
-17.089406967163086 19.90615463256836 6.55162239074707
-17.089406967163086 24.882694244384766 10.438178062438965
-17.089406967163086 29.85923194885254 4.330733299255371
-12.817055702209473 32.34749984741211 5.885355472564697
-12.817055702209473 27.370962142944336 12.659066200256348
-12.817055702209473 22.394424438476562 1.11044442653656
-12.817055702209473 17.417884826660156 1.11044442653656
-12.817055702209473 12.441347122192383 1.11044442653656
-12.817055702209473 7.464807987213135 1.9988000392913818
-12.817055702209473 -2.488269329071045 1.443577766418457
-12.817055702209473 -7.464807987213135 1.11044442653656
-12.817055702209473 -27.370962142944336 5.441177845001221
-12.817055702209473 -32.34749984741211 2.5540223121643066
-8.544703483581543 -34.83576965332031 4.885955333709717
-8.544703483581543 -29.85923194885254 3.8865556716918945
-8.544703483581543 -14.92961597442627 1.11044442653656
-8.544703483581543 -9.95307731628418 1.332533359527588
-8.544703483581543 -4.97653865814209 2.22088885307312
-8.544703483581543 -1.7763568394002505e-15 3.3313333988189697
-8.544703483581543 4.97653865814209 3.3313333988189697
-8.544703483581543 9.95307731628418 2.887155532836914
-8.544703483581543 14.92961597442627 1.6656666994094849
-8.544703483581543 19.90615463256836 1.332533359527588
-8.544703483581543 24.882694244384766 1.11044442653656
-8.544703483581543 29.85923194885254 15.324132919311523
-8.544703483581543 34.83576965332031 2.5540223121643066
-4.2723517417907715 37.324039459228516 1.11044442653656
-4.2723517417907715 32.34749984741211 11.21548843383789
-4.2723517417907715 27.370962142944336 1.443577766418457
-4.2723517417907715 22.394424438476562 1.332533359527588
-4.2723517417907715 17.417884826660156 1.11044442653656
-4.2723517417907715 12.441347122192383 4.108644485473633
-4.2723517417907715 7.464807987213135 1.776711106300354
-4.2723517417907715 2.488269329071045 2.22088885307312
-4.2723517417907715 -2.488269329071045 1.776711106300354
-4.2723517417907715 -7.464807987213135 2.5540223121643066
-4.2723517417907715 -12.441347122192383 5.108044624328613
-4.2723517417907715 -17.417884826660156 3.7755110263824463
-4.2723517417907715 -32.34749984741211 17.54502296447754
-4.2723517417907715 -37.324039459228516 1.11044442653656
-5.329070518200751e-15 -34.83576965332031 14.991000175476074
-5.329070518200751e-15 -29.85923194885254 2.109844446182251
-5.329070518200751e-15 -19.90615463256836 1.6656666994094849
-5.329070518200751e-15 -14.92961597442627 4.108644485473633
-5.329070518200751e-15 -9.95307731628418 1.2214888334274292
-5.329070518200751e-15 -4.97653865814209 1.11044442653656
-5.329070518200751e-15 -1.7763568394002505e-15 1.6656666994094849
-5.329070518200751e-15 4.97653865814209 2.3319332599639893
-5.329070518200751e-15 9.95307731628418 1.11044442653656
-5.329070518200751e-15 14.92961597442627 3.553422212600708
-5.329070518200751e-15 24.882694244384766 1.11044442653656
-5.329070518200751e-15 29.85923194885254 5.663266658782959
-5.329070518200751e-15 34.83576965332031 6.1074442863464355
4.2723517417907715 32.34749984741211 9.105644226074219
4.2723517417907715 27.370962142944336 1.9988000392913818
4.2723517417907715 17.417884826660156 3.1092443466186523
4.2723517417907715 12.441347122192383 3.7755110263824463
4.2723517417907715 7.464807987213135 2.3319332599639893
4.2723517417907715 2.488269329071045 1.8877555131912231
4.2723517417907715 -2.488269329071045 1.11044442653656
4.2723517417907715 -7.464807987213135 1.11044442653656
4.2723517417907715 -12.441347122192383 1.11044442653656
4.2723517417907715 -17.417884826660156 2.109844446182251
4.2723517417907715 -27.370962142944336 1.11044442653656
4.2723517417907715 -32.34749984741211 13.658466339111328
8.544703483581543 -34.83576965332031 8.994600296020508
8.544703483581543 -29.85923194885254 1.11044442653656
8.544703483581543 -14.92961597442627 1.9988000392913818
8.544703483581543 -9.95307731628418 1.332533359527588
8.544703483581543 -4.97653865814209 1.2214888334274292
8.544703483581543 -1.7763568394002505e-15 1.8877555131912231
8.544703483581543 4.97653865814209 1.6656666994094849
8.544703483581543 9.95307731628418 1.8877555131912231
8.544703483581543 14.92961597442627 1.6656666994094849
8.544703483581543 19.90615463256836 1.11044442653656
8.544703483581543 24.882694244384766 1.8877555131912231
8.544703483581543 29.85923194885254 5.774311065673828
8.544703483581543 34.83576965332031 2.998199939727783
12.817055702209473 32.34749984741211 2.5540223121643066
12.817055702209473 27.370962142944336 5.219089031219482
12.817055702209473 22.394424438476562 2.887155532836914
12.817055702209473 7.464807987213135 1.776711106300354
12.817055702209473 2.488269329071045 2.5540223121643066
12.817055702209473 -2.488269329071045 1.776711106300354
12.817055702209473 -7.464807987213135 1.5546221733093262
12.817055702209473 -12.441347122192383 2.665066719055176
12.817055702209473 -17.417884826660156 2.3319332599639893
12.817055702209473 -22.394424438476562 1.11044442653656
12.817055702209473 -27.370962142944336 1.332533359527588
12.817055702209473 -32.34749984741211 5.219089031219482
17.089406967163086 -34.83576965332031 1.8877555131912231
17.089406967163086 -29.85923194885254 3.553422212600708
17.089406967163086 -24.882694244384766 2.22088885307312
17.089406967163086 -19.90615463256836 2.109844446182251
17.089406967163086 -14.92961597442627 1.9988000392913818
17.089406967163086 -9.95307731628418 1.2214888334274292
17.089406967163086 -4.97653865814209 1.11044442653656
17.089406967163086 -1.7763568394002505e-15 1.8877555131912231
17.089406967163086 4.97653865814209 3.2202889919281006
17.089406967163086 9.95307731628418 3.7755110263824463
17.089406967163086 14.92961597442627 2.22088885307312
17.089406967163086 19.90615463256836 4.44177770614624
17.089406967163086 24.882694244384766 5.108044624328613
17.089406967163086 29.85923194885254 1.5546221733093262
21.361759185791016 27.370962142944336 1.11044442653656
21.361759185791016 22.394424438476562 3.664466619491577
21.361759185791016 17.417884826660156 3.9976000785827637
21.361759185791016 12.441347122192383 3.9976000785827637
21.361759185791016 7.464807987213135 4.108644485473633
21.361759185791016 2.488269329071045 3.3313333988189697
21.361759185791016 -12.441347122192383 1.776711106300354
21.361759185791016 -17.417884826660156 2.4429776668548584
21.361759185791016 -22.394424438476562 3.442377805709839
21.361759185791016 -27.370962142944336 1.5546221733093262
25.634111404418945 -24.882694244384766 1.11044442653656
25.634111404418945 -19.90615463256836 2.3319332599639893
25.634111404418945 -14.92961597442627 1.332533359527588
25.634111404418945 9.95307731628418 1.11044442653656
25.634111404418945 14.92961597442627 1.11044442653656
####ControlPointIndex
7
####SpotTunnedID
4.0
####CumulativeMetersetWeight
4842.648222
####Energy (MeV)
107.756
####NbOfScannedSpots
148
####X Y Weight
-25.96704864501953 -10.062385559082031 1.332533359527588
-25.96704864501953 -5.031192779541016 2.776111125946045
-25.96704864501953 -1.0658141036401503e-14 3.2202889919281006
-25.96704864501953 5.031192779541016 2.998199939727783
-25.96704864501953 10.062385559082031 2.3319332599639893
-25.96704864501953 15.093579292297363 1.6656666994094849
-25.96704864501953 20.124771118164062 1.6656666994094849
-21.639205932617188 27.67156219482422 3.1092443466186523
-21.639205932617188 22.640369415283203 11.326533317565918
-21.639205932617188 17.609174728393555 7.662066459655762
-21.639205932617188 12.577982902526855 4.108644485473633
-21.639205932617188 7.546789646148682 4.108644485473633
-21.639205932617188 2.515596389770508 4.108644485473633
-21.639205932617188 -2.515596389770508 4.108644485473633
-21.639205932617188 -7.546789646148682 5.885355472564697
-21.639205932617188 -12.577982902526855 7.884155750274658
-21.639205932617188 -17.609174728393555 2.5540223121643066
-21.639205932617188 -22.640369415283203 1.11044442653656
-17.311365127563477 -30.187158584594727 1.11044442653656
-17.311365127563477 -25.15596580505371 2.776111125946045
-17.311365127563477 -20.124771118164062 1.776711106300354
-17.311365127563477 -15.093579292297363 1.776711106300354
-17.311365127563477 -10.062385559082031 3.553422212600708
-17.311365127563477 -5.031192779541016 1.8877555131912231
-17.311365127563477 -2.4868995751603507e-14 1.11044442653656
-17.311365127563477 5.031192779541016 1.2214888334274292
-17.311365127563477 10.062385559082031 1.5546221733093262
-17.311365127563477 15.093579292297363 1.776711106300354
-17.311365127563477 20.124771118164062 3.9976000785827637
-17.311365127563477 25.15596580505371 9.994000434875488
-17.311365127563477 30.187158584594727 4.330733299255371
-12.983524322509766 32.702754974365234 5.441177845001221
-12.983524322509766 27.67156219482422 6.329533100128174
-12.983524322509766 22.640369415283203 1.11044442653656
-12.983524322509766 17.609174728393555 1.11044442653656
-12.983524322509766 12.577982902526855 1.11044442653656
-12.983524322509766 7.546789646148682 1.332533359527588
-12.983524322509766 2.515596389770508 1.11044442653656
-12.983524322509766 -2.515596389770508 1.6656666994094849
-12.983524322509766 -7.546789646148682 1.776711106300354
-12.983524322509766 -12.577982902526855 1.11044442653656
-12.983524322509766 -22.640369415283203 1.6656666994094849
-12.983524322509766 -27.67156219482422 3.7755110263824463
-12.983524322509766 -32.702754974365234 1.5546221733093262
-8.655682563781738 -35.21834945678711 2.665066719055176
-8.655682563781738 -30.187158584594727 5.774311065673828
-8.655682563781738 -25.15596580505371 1.776711106300354
-8.655682563781738 -20.124771118164062 1.11044442653656
-8.655682563781738 -15.093579292297363 1.11044442653656
-8.655682563781738 -10.062385559082031 1.11044442653656
-8.655682563781738 -5.031192779541016 1.5546221733093262
-8.655682563781738 -3.907985046680551e-14 1.8877555131912231
-8.655682563781738 5.031192779541016 2.109844446182251
-8.655682563781738 10.062385559082031 3.3313333988189697
-8.655682563781738 15.093579292297363 1.776711106300354
-8.655682563781738 25.15596580505371 1.11044442653656
-8.655682563781738 30.187158584594727 7.662066459655762
-8.655682563781738 35.21834945678711 2.4429776668548584
-4.327841281890869 37.73394775390625 1.11044442653656
-4.327841281890869 32.702754974365234 4.997000217437744
-4.327841281890869 27.67156219482422 1.5546221733093262
-4.327841281890869 22.640369415283203 1.11044442653656
-4.327841281890869 17.609174728393555 2.776111125946045
-4.327841281890869 12.577982902526855 3.1092443466186523
-4.327841281890869 7.546789646148682 1.5546221733093262
-4.327841281890869 2.515596389770508 1.776711106300354
-4.327841281890869 -2.515596389770508 1.6656666994094849
-4.327841281890869 -7.546789646148682 1.2214888334274292
-4.327841281890869 -12.577982902526855 2.3319332599639893
-4.327841281890869 -17.609174728393555 2.22088885307312
-4.327841281890869 -22.640369415283203 1.11044442653656
-4.327841281890869 -27.67156219482422 1.443577766418457
-4.327841281890869 -32.702754974365234 9.438777923583984
-4.327841281890869 -37.73394775390625 1.332533359527588
5.329070518200751e-15 -35.21834945678711 6.884755611419678
5.329070518200751e-15 -30.187158584594727 2.22088885307312
5.329070518200751e-15 -25.15596580505371 1.11044442653656
5.329070518200751e-15 -20.124771118164062 1.11044442653656
5.329070518200751e-15 -15.093579292297363 2.3319332599639893
5.329070518200751e-15 -10.062385559082031 1.11044442653656
5.329070518200751e-15 -5.031192779541016 1.11044442653656
5.329070518200751e-15 -5.3290705182007514e-14 1.332533359527588
5.329070518200751e-15 5.031192779541016 1.332533359527588
5.329070518200751e-15 10.062385559082031 1.2214888334274292
5.329070518200751e-15 15.093579292297363 3.2202889919281006
5.329070518200751e-15 20.124771118164062 1.332533359527588
5.329070518200751e-15 25.15596580505371 1.11044442653656
5.329070518200751e-15 30.187158584594727 3.442377805709839
5.329070518200751e-15 35.21834945678711 3.2202889919281006
4.327841281890869 32.702754974365234 4.774910926818848
4.327841281890869 27.67156219482422 2.998199939727783
4.327841281890869 22.640369415283203 1.11044442653656
4.327841281890869 17.609174728393555 1.776711106300354
4.327841281890869 12.577982902526855 2.5540223121643066
4.327841281890869 7.546789646148682 1.5546221733093262
4.327841281890869 2.515596389770508 1.6656666994094849
4.327841281890869 -2.515596389770508 1.5546221733093262
4.327841281890869 -7.546789646148682 1.2214888334274292
4.327841281890869 -12.577982902526855 1.11044442653656
4.327841281890869 -17.609174728393555 1.6656666994094849
4.327841281890869 -32.702754974365234 6.995800018310547
8.655682563781738 -35.21834945678711 5.108044624328613
8.655682563781738 -30.187158584594727 2.887155532836914
8.655682563781738 -25.15596580505371 1.11044442653656
8.655682563781738 -20.124771118164062 1.6656666994094849
8.655682563781738 -15.093579292297363 2.3319332599639893
8.655682563781738 -10.062385559082031 1.776711106300354
8.655682563781738 -5.031192779541016 1.6656666994094849
8.655682563781738 -6.750155989720952e-14 2.22088885307312
8.655682563781738 5.031192779541016 1.6656666994094849
8.655682563781738 10.062385559082031 1.11044442653656
8.655682563781738 15.093579292297363 1.11044442653656
8.655682563781738 20.124771118164062 1.11044442653656
8.655682563781738 25.15596580505371 2.22088885307312
8.655682563781738 30.187158584594727 5.55222225189209
8.655682563781738 35.21834945678711 1.443577766418457
12.983524322509766 32.702754974365234 1.2214888334274292
12.983524322509766 27.67156219482422 4.330733299255371
12.983524322509766 22.640369415283203 3.3313333988189697
12.983524322509766 17.609174728393555 1.11044442653656
12.983524322509766 12.577982902526855 1.11044442653656
12.983524322509766 7.546789646148682 2.3319332599639893
12.983524322509766 2.515596389770508 2.4429776668548584
12.983524322509766 -2.515596389770508 1.11044442653656
12.983524322509766 -7.546789646148682 1.443577766418457
12.983524322509766 -12.577982902526855 2.4429776668548584
12.983524322509766 -17.609174728393555 2.3319332599639893
12.983524322509766 -22.640369415283203 1.332533359527588
12.983524322509766 -27.67156219482422 2.4429776668548584
12.983524322509766 -32.702754974365234 5.885355472564697
17.311365127563477 -35.21834945678711 1.11044442653656
17.311365127563477 -30.187158584594727 1.2214888334274292
17.311365127563477 -25.15596580505371 1.11044442653656
17.311365127563477 -15.093579292297363 1.5546221733093262
17.311365127563477 -8.171241461241152e-14 1.9988000392913818
17.311365127563477 5.031192779541016 2.776111125946045
17.311365127563477 10.062385559082031 3.2202889919281006
17.311365127563477 15.093579292297363 2.3319332599639893
17.311365127563477 20.124771118164062 4.6638665199279785
17.311365127563477 25.15596580505371 4.552822113037109
17.311365127563477 30.187158584594727 1.332533359527588
21.639205932617188 22.640369415283203 2.109844446182251
21.639205932617188 17.609174728393555 2.887155532836914
21.639205932617188 12.577982902526855 4.108644485473633
21.639205932617188 7.546789646148682 3.1092443466186523
21.639205932617188 2.515596389770508 1.6656666994094849
21.639205932617188 -17.609174728393555 1.6656666994094849
21.639205932617188 -22.640369415283203 1.11044442653656
####ControlPointIndex
8
####SpotTunnedID
4.0
####CumulativeMetersetWeight
5224.196933
####Energy (MeV)
104.078
####NbOfScannedSpots
127
####X Y Weight
-26.286762237548828 -10.183930397033691 1.11044442653656
-26.286762237548828 -5.091965198516846 1.8877555131912231
-26.286762237548828 -5.329070518200751e-15 2.5540223121643066
-26.286762237548828 5.091965198516846 1.9988000392913818
-26.286762237548828 10.183930397033691 1.2214888334274292
-26.286762237548828 15.275895118713379 1.11044442653656
-26.286762237548828 20.367860794067383 1.11044442653656
-21.9056339263916 28.005807876586914 2.109844446182251
-21.9056339263916 22.913843154907227 5.441177845001221
-21.9056339263916 17.82187843322754 4.6638665199279785
-21.9056339263916 12.729912757873535 2.887155532836914
-21.9056339263916 7.6379475593566895 2.665066719055176
-21.9056339263916 2.545982599258423 3.7755110263824463
-21.9056339263916 -2.545982599258423 4.219688892364502
-21.9056339263916 -7.6379475593566895 4.44177770614624
-21.9056339263916 -12.729912757873535 5.663266658782959
-21.9056339263916 -17.82187843322754 2.887155532836914
-17.524507522583008 -25.45982551574707 1.776711106300354
-17.524507522583008 -20.367860794067383 2.998199939727783
-17.524507522583008 -15.275895118713379 6.440577983856201
-17.524507522583008 -10.183930397033691 2.887155532836914
-17.524507522583008 -5.091965198516846 1.8877555131912231
-17.524507522583008 -5.329070518200751e-15 1.5546221733093262
-17.524507522583008 5.091965198516846 1.332533359527588
-17.524507522583008 10.183930397033691 1.5546221733093262
-17.524507522583008 15.275895118713379 1.9988000392913818
-17.524507522583008 20.367860794067383 4.219688892364502
-17.524507522583008 25.45982551574707 4.885955333709717
-17.524507522583008 30.551790237426758 1.9988000392913818
-13.143381118774414 33.097774505615234 2.998199939727783
-13.143381118774414 28.005807876586914 5.219089031219482
-13.143381118774414 22.913843154907227 1.5546221733093262
-13.143381118774414 17.82187843322754 1.11044442653656
-13.143381118774414 12.729912757873535 1.443577766418457
-13.143381118774414 7.6379475593566895 1.5546221733093262
-13.143381118774414 2.545982599258423 1.443577766418457
-13.143381118774414 -2.545982599258423 1.443577766418457
-13.143381118774414 -7.6379475593566895 1.443577766418457
-13.143381118774414 -17.82187843322754 1.5546221733093262
-13.143381118774414 -22.913843154907227 1.11044442653656
-13.143381118774414 -28.005807876586914 1.8877555131912231
-8.762253761291504 -35.64375686645508 1.9988000392913818
-8.762253761291504 -30.551790237426758 3.1092443466186523
-8.762253761291504 -25.45982551574707 1.11044442653656
-8.762253761291504 -20.367860794067383 1.2214888334274292
-8.762253761291504 -15.275895118713379 1.11044442653656
-8.762253761291504 -10.183930397033691 1.332533359527588
-8.762253761291504 -5.091965198516846 1.8877555131912231
-8.762253761291504 -5.329070518200751e-15 1.9988000392913818
-8.762253761291504 5.091965198516846 1.8877555131912231
-8.762253761291504 10.183930397033691 2.22088885307312
-8.762253761291504 15.275895118713379 1.6656666994094849
-8.762253761291504 25.45982551574707 1.9988000392913818
-8.762253761291504 30.551790237426758 6.218488693237305
-8.762253761291504 35.64375686645508 1.2214888334274292
-4.381126880645752 33.097774505615234 4.885955333709717
-4.381126880645752 28.005807876586914 2.776111125946045
-4.381126880645752 22.913843154907227 1.11044442653656
-4.381126880645752 17.82187843322754 1.5546221733093262
-4.381126880645752 12.729912757873535 2.109844446182251
-4.381126880645752 7.6379475593566895 1.11044442653656
-4.381126880645752 2.545982599258423 1.776711106300354
-4.381126880645752 -2.545982599258423 1.776711106300354
-4.381126880645752 -7.6379475593566895 1.776711106300354
-4.381126880645752 -12.729912757873535 1.9988000392913818
-4.381126880645752 -17.82187843322754 1.5546221733093262
-4.381126880645752 -22.913843154907227 1.11044442653656
-4.381126880645752 -28.005807876586914 2.109844446182251
-4.381126880645752 -33.097774505615234 4.885955333709717
5.329070518200751e-15 -35.64375686645508 4.885955333709717
5.329070518200751e-15 -30.551790237426758 2.5540223121643066
5.329070518200751e-15 -25.45982551574707 1.11044442653656
5.329070518200751e-15 -20.367860794067383 1.9988000392913818
5.329070518200751e-15 -15.275895118713379 2.665066719055176
5.329070518200751e-15 -10.183930397033691 1.332533359527588
5.329070518200751e-15 -5.091965198516846 1.6656666994094849
5.329070518200751e-15 -5.329070518200751e-15 1.8877555131912231
5.329070518200751e-15 5.091965198516846 1.11044442653656
5.329070518200751e-15 10.183930397033691 1.11044442653656
5.329070518200751e-15 15.275895118713379 1.2214888334274292
5.329070518200751e-15 20.367860794067383 1.11044442653656
5.329070518200751e-15 25.45982551574707 1.443577766418457
5.329070518200751e-15 30.551790237426758 4.330733299255371
5.329070518200751e-15 35.64375686645508 1.332533359527588
4.381126880645752 33.097774505615234 3.3313333988189697
4.381126880645752 28.005807876586914 2.4429776668548584
4.381126880645752 22.913843154907227 1.443577766418457
4.381126880645752 17.82187843322754 1.11044442653656
4.381126880645752 12.729912757873535 1.11044442653656
4.381126880645752 7.6379475593566895 1.11044442653656
4.381126880645752 2.545982599258423 2.109844446182251
4.381126880645752 -2.545982599258423 2.4429776668548584
4.381126880645752 -7.6379475593566895 1.443577766418457
4.381126880645752 -12.729912757873535 1.11044442653656
4.381126880645752 -17.82187843322754 1.11044442653656
4.381126880645752 -22.913843154907227 1.11044442653656
4.381126880645752 -28.005807876586914 1.11044442653656
4.381126880645752 -33.097774505615234 5.55222225189209
4.381126880645752 -38.18973922729492 1.2214888334274292
8.762253761291504 -35.64375686645508 4.885955333709717
8.762253761291504 -30.551790237426758 3.553422212600708
8.762253761291504 -20.367860794067383 1.11044442653656
8.762253761291504 -15.275895118713379 1.11044442653656
8.762253761291504 -5.091965198516846 1.443577766418457
8.762253761291504 -5.329070518200751e-15 1.776711106300354
8.762253761291504 5.091965198516846 2.4429776668548584
8.762253761291504 10.183930397033691 1.443577766418457
8.762253761291504 15.275895118713379 1.776711106300354
8.762253761291504 20.367860794067383 2.998199939727783
8.762253761291504 25.45982551574707 2.5540223121643066
8.762253761291504 30.551790237426758 3.7755110263824463
13.143381118774414 28.005807876586914 2.998199939727783
13.143381118774414 22.913843154907227 2.4429776668548584
13.143381118774414 17.82187843322754 2.22088885307312
13.143381118774414 12.729912757873535 1.443577766418457
13.143381118774414 7.6379475593566895 2.665066719055176
13.143381118774414 2.545982599258423 1.6656666994094849
13.143381118774414 -2.545982599258423 1.11044442653656
13.143381118774414 -33.097774505615234 2.5540223121643066
13.143381118774414 -38.18973922729492 1.11044442653656
17.524507522583008 -5.329070518200751e-15 1.11044442653656
17.524507522583008 5.091965198516846 1.443577766418457
17.524507522583008 10.183930397033691 2.4429776668548584
17.524507522583008 15.275895118713379 3.442377805709839
17.524507522583008 20.367860794067383 3.1092443466186523
17.524507522583008 25.45982551574707 1.2214888334274292
21.9056339263916 7.6379475593566895 1.11044442653656
####ControlPointIndex
9
####SpotTunnedID
4.0
####CumulativeMetersetWeight
5508.248622
####Energy (MeV)
100.443
####NbOfScannedSpots
79
####X Y Weight
-26.576868057250977 -5.329070518200751e-15 1.443577766418457
-26.576868057250977 10.288627624511719 1.11044442653656
-26.576868057250977 15.432940483093262 1.11044442653656
-26.576868057250977 20.577255249023438 1.11044442653656
-22.147390365600586 28.293724060058594 1.11044442653656
-22.147390365600586 23.149412155151367 3.664466619491577
-22.147390365600586 18.005098342895508 3.664466619491577
-22.147390365600586 12.860784530639648 1.8877555131912231
-22.147390365600586 7.716470241546631 1.6656666994094849
-22.147390365600586 2.5721569061279297 1.11044442653656
-22.147390365600586 -2.5721569061279297 1.6656666994094849
-22.147390365600586 -7.716470241546631 1.8877555131912231
-17.717912673950195 -15.432940483093262 1.443577766418457
-17.717912673950195 -5.144313812255859 1.2214888334274292
-17.717912673950195 -5.329070518200751e-15 1.8877555131912231
-17.717912673950195 5.144313812255859 1.6656666994094849
-17.717912673950195 10.288627624511719 1.5546221733093262
-17.717912673950195 15.432940483093262 2.3319332599639893
-17.717912673950195 20.577255249023438 4.330733299255371
-17.717912673950195 25.721569061279297 3.7755110263824463
-17.717912673950195 30.865880966186523 1.11044442653656
-13.288434028625488 33.43803787231445 1.11044442653656
-13.288434028625488 28.293724060058594 5.108044624328613
-13.288434028625488 23.149412155151367 1.9988000392913818
-13.288434028625488 18.005098342895508 1.11044442653656
-13.288434028625488 12.860784530639648 1.11044442653656
-13.288434028625488 7.716470241546631 1.6656666994094849
-13.288434028625488 2.5721569061279297 1.8877555131912231
-13.288434028625488 -2.5721569061279297 2.887155532836914
-13.288434028625488 -7.716470241546631 1.11044442653656
-8.858956336975098 -30.865880966186523 1.11044442653656
-8.858956336975098 -10.288627624511719 1.11044442653656
-8.858956336975098 -5.144313812255859 2.109844446182251
-8.858956336975098 -5.329070518200751e-15 2.4429776668548584
-8.858956336975098 5.144313812255859 1.8877555131912231
-8.858956336975098 10.288627624511719 1.8877555131912231
-8.858956336975098 15.432940483093262 1.2214888334274292
-8.858956336975098 20.577255249023438 1.11044442653656
-8.858956336975098 25.721569061279297 2.665066719055176
-8.858956336975098 30.865880966186523 3.7755110263824463
-4.429478168487549 33.43803787231445 1.11044442653656
-4.429478168487549 28.293724060058594 2.776111125946045
-4.429478168487549 23.149412155151367 1.9988000392913818
-4.429478168487549 18.005098342895508 1.443577766418457
-4.429478168487549 12.860784530639648 1.2214888334274292
-4.429478168487549 7.716470241546631 1.11044442653656
-4.429478168487549 2.5721569061279297 2.22088885307312
-4.429478168487549 -2.5721569061279297 2.4429776668548584
-4.429478168487549 -7.716470241546631 1.11044442653656
-4.429478168487549 -12.860784530639648 1.11044442653656
-4.429478168487549 -23.149412155151367 1.11044442653656
5.329070518200751e-15 -36.010196685791016 1.776711106300354
5.329070518200751e-15 -5.144313812255859 1.6656666994094849
5.329070518200751e-15 -5.329070518200751e-15 1.2214888334274292
5.329070518200751e-15 5.144313812255859 1.11044442653656
5.329070518200751e-15 15.432940483093262 1.11044442653656
5.329070518200751e-15 20.577255249023438 2.22088885307312
5.329070518200751e-15 25.721569061279297 1.776711106300354
5.329070518200751e-15 30.865880966186523 1.443577766418457
4.429478168487549 28.293724060058594 1.8877555131912231
4.429478168487549 23.149412155151367 1.443577766418457
4.429478168487549 18.005098342895508 3.442377805709839
4.429478168487549 12.860784530639648 1.443577766418457
4.429478168487549 7.716470241546631 3.1092443466186523
4.429478168487549 2.5721569061279297 2.109844446182251
4.429478168487549 -2.5721569061279297 1.776711106300354
4.429478168487549 -33.43803787231445 1.11044442653656
8.858956336975098 -36.010196685791016 1.2214888334274292
8.858956336975098 -5.329070518200751e-15 1.11044442653656
8.858956336975098 5.144313812255859 1.11044442653656
8.858956336975098 10.288627624511719 1.776711106300354
8.858956336975098 15.432940483093262 2.887155532836914
8.858956336975098 20.577255249023438 1.776711106300354
8.858956336975098 25.721569061279297 2.109844446182251
13.288434028625488 23.149412155151367 1.11044442653656
13.288434028625488 18.005098342895508 1.5546221733093262
13.288434028625488 12.860784530639648 2.3319332599639893
13.288434028625488 7.716470241546631 1.6656666994094849
13.288434028625488 2.5721569061279297 1.6656666994094849
####ControlPointIndex
10
####SpotTunnedID
4.0
####CumulativeMetersetWeight
5652.939533
####Energy (MeV)
96.84
####NbOfScannedSpots
42
####X Y Weight
-22.406116485595703 23.48042106628418 1.8877555131912231
-22.406116485595703 18.262548446655273 2.998199939727783
-22.406116485595703 13.044677734375 2.887155532836914
-22.406116485595703 7.826806545257568 1.11044442653656
-22.406116485595703 2.608935594558716 1.2214888334274292
-17.92489242553711 -5.217871189117432 1.11044442653656
-17.92489242553711 1.7763568394002505e-15 1.11044442653656
-17.92489242553711 10.435742378234863 1.11044442653656
-17.92489242553711 15.653613090515137 1.2214888334274292
-17.92489242553711 20.871484756469727 2.109844446182251
-17.92489242553711 26.08935546875 1.2214888334274292
-13.443669319152832 28.698291778564453 2.109844446182251
-13.443669319152832 23.48042106628418 2.776111125946045
-13.443669319152832 18.262548446655273 3.9976000785827637
-13.443669319152832 13.044677734375 3.442377805709839
-13.443669319152832 7.826806545257568 1.9988000392913818
-13.443669319152832 2.608935594558716 2.3319332599639893
-8.962446212768555 -5.217871189117432 1.11044442653656
-8.962446212768555 1.7763568394002505e-15 1.11044442653656
-8.962446212768555 5.217871189117432 1.11044442653656
-8.962446212768555 10.435742378234863 1.11044442653656
-8.962446212768555 15.653613090515137 1.5546221733093262
-8.962446212768555 20.871484756469727 1.6656666994094849
-8.962446212768555 26.08935546875 1.5546221733093262
-4.481223106384277 28.698291778564453 1.776711106300354
-4.481223106384277 23.48042106628418 2.887155532836914
-4.481223106384277 18.262548446655273 3.7755110263824463
-4.481223106384277 13.044677734375 1.776711106300354
-4.481223106384277 7.826806545257568 2.5540223121643066
-4.481223106384277 2.608935594558716 1.11044442653656
-4.481223106384277 -2.608935594558716 1.11044442653656
7.105427357601002e-15 1.7763568394002505e-15 1.2214888334274292
7.105427357601002e-15 10.435742378234863 1.9988000392913818
7.105427357601002e-15 15.653613090515137 2.109844446182251
7.105427357601002e-15 20.871484756469727 2.22088885307312
4.481223106384277 23.48042106628418 1.9988000392913818
4.481223106384277 18.262548446655273 1.9988000392913818
4.481223106384277 13.044677734375 2.4429776668548584
4.481223106384277 7.826806545257568 1.11044442653656
4.481223106384277 2.608935594558716 1.6656666994094849
8.962446212768555 10.435742378234863 1.11044442653656
8.962446212768555 15.653613090515137 1.11044442653656
####ControlPointIndex
11
####SpotTunnedID
4.0
####CumulativeMetersetWeight
5730.781689
####Energy (MeV)
93.271
####NbOfScannedSpots
13
####X Y Weight
-22.687145233154297 13.236566543579102 1.11044442653656
-18.149715423583984 5.294626712799072 1.11044442653656
-18.149715423583984 15.883879661560059 1.11044442653656
-18.149715423583984 21.17850685119629 1.5546221733093262
-13.612286567687988 23.82581901550293 1.11044442653656
-13.612286567687988 18.531192779541016 1.11044442653656
-13.612286567687988 13.236566543579102 2.3319332599639893
-9.074857711791992 10.589253425598145 1.11044442653656
-9.074857711791992 15.883879661560059 1.11044442653656
-9.074857711791992 21.17850685119629 1.9988000392913818
-4.537428855895996 18.531192779541016 2.3319332599639893
-4.537428855895996 13.236566543579102 1.11044442653656
-4.537428855895996 7.941939830780029 1.11044442653656
