#TREATMENT-PLAN-DESCRIPTION
#PlanName
Plan1
#NumberOfFractions
1
##FractionID
1
##NumberOfFields
1
###FieldsID
1
#TotalMetersetWeightOfAllFields
5942.876578
#FIELD-DESCRIPTION
###FieldID
1
###FinalCumulativeMetersetWeight
5942.876578
###GantryAngle
90
###PatientSupportAngle
30
###IsocentrePosition
-7.8009070264814 -311.96518982743 17.8069702744128
###NumberOfControlPoints
11
#SPOTS-DESCRIPTION
####ControlPointIndex
0
####SpotTunnedID
4.0
####CumulativeMetersetWeight
0
####Energy (MeV)
133.872
####NbOfScannedSpots
117
####X Y Weight
-19.909061431884766 2.333752393722534 2.665066719055176
-19.909061431884766 7.001256942749023 3.3313333988189697
-15.927249908447266 9.335009574890137 4.108644485473633
-15.927249908447266 4.667504787445068 2.3319332599639893
-15.927249908447266 1.2434497875801753e-14 4.108644485473633
-15.927249908447266 -4.667504787445068 2.22088885307312
-11.94543743133545 -21.00377082824707 1.11044442653656
-11.94543743133545 -16.336267471313477 1.11044442653656
-11.94543743133545 -11.66876220703125 1.2214888334274292
-11.94543743133545 -7.001256942749023 5.885355472564697
-11.94543743133545 -2.333752393722534 5.996399879455566
-11.94543743133545 2.333752393722534 1.6656666994094849
-11.94543743133545 7.001256942749023 2.887155532836914
-11.94543743133545 11.66876220703125 4.44177770614624
-11.94543743133545 16.336267471313477 1.11044442653656
-7.963624954223633 18.670019149780273 2.887155532836914
-7.963624954223633 14.002513885498047 4.997000217437744
-7.963624954223633 9.335009574890137 4.774910926818848
-7.963624954223633 4.667504787445068 5.663266658782959
-7.963624954223633 1.9539925233402755e-14 3.9976000785827637
-7.963624954223633 -4.667504787445068 3.8865556716918945
-7.963624954223633 -9.335009574890137 5.774311065673828
-7.963624954223633 -14.002513885498047 5.108044624328613
-7.963624954223633 -18.670019149780273 2.665066719055176
-7.963624954223633 -23.3375244140625 2.109844446182251
-3.9818124771118164 -25.671276092529297 2.5540223121643066
-3.9818124771118164 -21.00377082824707 3.9976000785827637
-3.9818124771118164 -16.336267471313477 6.440577983856201
-3.9818124771118164 -11.66876220703125 10.882355690002441
-3.9818124771118164 -7.001256942749023 5.330133438110352
-3.9818124771118164 -2.333752393722534 5.55222225189209
-3.9818124771118164 2.333752393722534 9.882955551147461
-3.9818124771118164 7.001256942749023 4.774910926818848
-3.9818124771118164 11.66876220703125 1.776711106300354
-3.9818124771118164 16.336267471313477 5.996399879455566
-3.9818124771118164 21.00377082824707 1.776711106300354
-6.217248937900877e-15 18.670019149780273 3.1092443466186523
-6.217248937900877e-15 14.002513885498047 2.109844446182251
-6.217248937900877e-15 9.335009574890137 2.665066719055176
-6.217248937900877e-15 4.667504787445068 11.437578201293945
-6.217248937900877e-15 2.6645352591003757e-14 10.216089248657227
-6.217248937900877e-15 -4.667504787445068 10.327133178710938
-6.217248937900877e-15 -9.335009574890137 15.768311500549316
-6.217248937900877e-15 -14.002513885498047 12.325933456420898
-6.217248937900877e-15 -18.670019149780273 5.108044624328613
-6.217248937900877e-15 -23.3375244140625 5.108044624328613
3.9818124771118164 -25.671276092529297 3.553422212600708
3.9818124771118164 -21.00377082824707 3.553422212600708
3.9818124771118164 -16.336267471313477 3.7755110263824463
3.9818124771118164 -11.66876220703125 8.994600296020508
3.9818124771118164 -7.001256942749023 18.211288452148438
3.9818124771118164 -2.333752393722534 8.661466598510742
3.9818124771118164 2.333752393722534 10.549221992492676
3.9818124771118164 7.001256942749023 16.878755569458008
3.9818124771118164 11.66876220703125 5.885355472564697
3.9818124771118164 16.336267471313477 5.108044624328613
7.963624954223633 18.670019149780273 2.109844446182251
7.963624954223633 14.002513885498047 5.774311065673828
7.963624954223633 9.335009574890137 8.328332901000977
7.963624954223633 4.667504787445068 5.885355472564697
7.963624954223633 3.375077994860476e-14 3.8865556716918945
7.963624954223633 -4.667504787445068 13.43637752532959
7.963624954223633 -9.335009574890137 11.770710945129395
7.963624954223633 -14.002513885498047 4.6638665199279785
7.963624954223633 -18.670019149780273 5.441177845001221
7.963624954223633 -23.3375244140625 4.997000217437744
7.963624954223633 -28.005027770996094 4.885955333709717
7.963624954223633 -32.67253494262695 3.2202889919281006
11.94543743133545 -35.00628662109375 7.551022052764893
11.94543743133545 -30.338781356811523 6.884755611419678
11.94543743133545 -25.671276092529297 3.664466619491577
11.94543743133545 -21.00377082824707 5.330133438110352
11.94543743133545 -16.336267471313477 4.885955333709717
11.94543743133545 -11.66876220703125 4.885955333709717
11.94543743133545 -7.001256942749023 8.439377784729004
11.94543743133545 -2.333752393722534 3.7755110263824463
11.94543743133545 2.333752393722534 1.332533359527588
11.94543743133545 7.001256942749023 2.22088885307312
11.94543743133545 11.66876220703125 2.887155532836914
11.94543743133545 16.336267471313477 3.1092443466186523
15.927249908447266 18.670019149780273 1.11044442653656
15.927249908447266 14.002513885498047 4.552822113037109
15.927249908447266 9.335009574890137 4.219688892364502
15.927249908447266 4.667504787445068 4.44177770614624
15.927249908447266 4.085620730620576e-14 3.8865556716918945
15.927249908447266 -4.667504787445068 4.6638665199279785
15.927249908447266 -9.335009574890137 4.552822113037109
15.927249908447266 -14.002513885498047 2.998199939727783
15.927249908447266 -18.670019149780273 3.1092443466186523
15.927249908447266 -23.3375244140625 3.442377805709839
15.927249908447266 -28.005027770996094 4.997000217437744
15.927249908447266 -32.67253494262695 5.885355472564697
15.927249908447266 -37.34003829956055 1.2214888334274292
19.909061431884766 -35.00628662109375 1.11044442653656
19.909061431884766 -30.338781356811523 5.108044624328613
19.909061431884766 -25.671276092529297 6.995800018310547
19.909061431884766 -21.00377082824707 5.330133438110352
19.909061431884766 -16.336267471313477 4.108644485473633
19.909061431884766 -11.66876220703125 5.441177845001221
19.909061431884766 -7.001256942749023 5.55222225189209
19.909061431884766 -2.333752393722534 5.885355472564697
19.909061431884766 2.333752393722534 9.994000434875488
19.909061431884766 7.001256942749023 8.661466598510742
19.909061431884766 11.66876220703125 6.773711204528809
19.909061431884766 16.336267471313477 1.6656666994094849
23.8908748626709 14.002513885498047 1.11044442653656
23.8908748626709 9.335009574890137 1.8877555131912231
23.8908748626709 4.667504787445068 1.11044442653656
23.8908748626709 4.796163466380676e-14 1.11044442653656
23.8908748626709 -4.667504787445068 1.6656666994094849
23.8908748626709 -9.335009574890137 2.5540223121643066
23.8908748626709 -14.002513885498047 2.5540223121643066
23.8908748626709 -18.670019149780273 4.44177770614624
23.8908748626709 -23.3375244140625 6.55162239074707
23.8908748626709 -28.005027770996094 4.108644485473633
23.8908748626709 -32.67253494262695 1.11044442653656
27.8726863861084 -25.671276092529297 1.11044442653656
####ControlPointIndex
1
####SpotTunnedID
4.0
####CumulativeMetersetWeight
582.7612444
####Energy (MeV)
129.723
####NbOfScannedSpots
148
####X Y Weight
-24.189300537109375 14.23481559753418 1.9988000392913818
-24.189300537109375 9.489876747131348 3.553422212600708
-24.189300537109375 4.744938373565674 4.885955333709717
-24.189300537109375 0.0 1.776711106300354
-24.189300537109375 -9.489876747131348 1.11044442653656
-20.157751083374023 -2.372469186782837 6.1074442863464355
-20.157751083374023 2.372469186782837 7.439977645874023
-20.157751083374023 7.11740779876709 4.997000217437744
-20.157751083374023 11.862346649169922 5.55222225189209
-20.157751083374023 16.607284545898438 5.996399879455566
-20.157751083374023 21.352224349975586 1.6656666994094849
-16.126201629638672 23.724693298339844 1.9988000392913818
-16.126201629638672 18.979753494262695 4.44177770614624
-16.126201629638672 14.23481559753418 2.998199939727783
-16.126201629638672 9.489876747131348 4.108644485473633
-16.126201629638672 4.744938373565674 1.443577766418457
-16.126201629638672 0.0 4.6638665199279785
-16.126201629638672 -4.744938373565674 6.218488693237305
-16.126201629638672 -18.979753494262695 1.6656666994094849
-16.126201629638672 -28.46963119506836 1.443577766418457
-12.094650268554688 -26.0971622467041 3.9976000785827637
-12.094650268554688 -21.352224349975586 9.994000434875488
-12.094650268554688 -16.607284545898438 17.433977127075195
-12.094650268554688 -11.862346649169922 3.553422212600708
-12.094650268554688 -7.11740779876709 26.76171112060547
-12.094650268554688 -2.372469186782837 19.321733474731445
-12.094650268554688 2.372469186782837 1.11044442653656
-12.094650268554688 7.11740779876709 3.9976000785827637
-12.094650268554688 11.862346649169922 5.330133438110352
-12.094650268554688 16.607284545898438 2.22088885307312
-12.094650268554688 21.352224349975586 2.998199939727783
-12.094650268554688 26.0971622467041 1.11044442653656
-8.063100814819336 23.724693298339844 3.9976000785827637
-8.063100814819336 18.979753494262695 5.774311065673828
-8.063100814819336 14.23481559753418 4.774910926818848
-8.063100814819336 9.489876747131348 5.441177845001221
-8.063100814819336 4.744938373565674 7.328933238983154
-8.063100814819336 0.0 4.774910926818848
-8.063100814819336 -4.744938373565674 13.10324478149414
-8.063100814819336 -9.489876747131348 13.325333595275879
-8.063100814819336 -14.23481559753418 9.105644226074219
-8.063100814819336 -18.979753494262695 3.442377805709839
-8.063100814819336 -23.724693298339844 2.3319332599639893
-4.031550407409668 -26.0971622467041 6.329533100128174
-4.031550407409668 -21.352224349975586 5.330133438110352
-4.031550407409668 -16.607284545898438 9.105644226074219
-4.031550407409668 -11.862346649169922 8.994600296020508
-4.031550407409668 -7.11740779876709 2.887155532836914
-4.031550407409668 -2.372469186782837 4.774910926818848
-4.031550407409668 2.372469186782837 19.765911102294922
-4.031550407409668 7.11740779876709 8.77251148223877
-4.031550407409668 11.862346649169922 2.109844446182251
-4.031550407409668 16.607284545898438 5.219089031219482
-4.031550407409668 21.352224349975586 5.55222225189209
-4.031550407409668 26.0971622467041 3.664466619491577
-5.329070518200751e-15 28.46963119506836 1.6656666994094849
-5.329070518200751e-15 23.724693298339844 3.664466619491577
-5.329070518200751e-15 18.979753494262695 4.330733299255371
-5.329070518200751e-15 14.23481559753418 2.998199939727783
-5.329070518200751e-15 9.489876747131348 4.108644485473633
-5.329070518200751e-15 4.744938373565674 14.768911361694336
-5.329070518200751e-15 0.0 7.328933238983154
-5.329070518200751e-15 -4.744938373565674 3.7755110263824463
-5.329070518200751e-15 -9.489876747131348 7.773111343383789
-5.329070518200751e-15 -14.23481559753418 14.213688850402832
-5.329070518200751e-15 -18.979753494262695 6.1074442863464355
-5.329070518200751e-15 -23.724693298339844 7.439977645874023
-5.329070518200751e-15 -28.46963119506836 3.553422212600708
4.031550407409668 -30.842100143432617 3.664466619491577
4.031550407409668 -26.0971622467041 7.662066459655762
4.031550407409668 -21.352224349975586 2.5540223121643066
4.031550407409668 -16.607284545898438 3.3313333988189697
4.031550407409668 -11.862346649169922 6.1074442863464355
4.031550407409668 -7.11740779876709 9.882955551147461
4.031550407409668 -2.372469186782837 4.774910926818848
4.031550407409668 2.372469186782837 9.660866737365723
4.031550407409668 7.11740779876709 14.879955291748047
4.031550407409668 11.862346649169922 6.55162239074707
4.031550407409668 16.607284545898438 6.440577983856201
4.031550407409668 21.352224349975586 4.219688892364502
4.031550407409668 26.0971622467041 3.3313333988189697
8.063100814819336 23.724693298339844 3.8865556716918945
8.063100814819336 18.979753494262695 4.6638665199279785
8.063100814819336 14.23481559753418 5.885355472564697
8.063100814819336 9.489876747131348 10.438178062438965
8.063100814819336 4.744938373565674 18.766511917114258
8.063100814819336 0.0 6.440577983856201
8.063100814819336 -4.744938373565674 10.660266876220703
8.063100814819336 -9.489876747131348 10.771310806274414
8.063100814819336 -14.23481559753418 3.7755110263824463
8.063100814819336 -18.979753494262695 9.216689109802246
8.063100814819336 -23.724693298339844 7.662066459655762
8.063100814819336 -28.46963119506836 9.327733039855957
8.063100814819336 -33.214569091796875 8.550422668457031
8.063100814819336 -37.95950698852539 1.332533359527588
12.094650268554688 -35.587039947509766 7.773111343383789
12.094650268554688 -30.842100143432617 10.549221992492676
12.094650268554688 -26.0971622467041 7.328933238983154
12.094650268554688 -21.352224349975586 14.546822547912598
12.094650268554688 -16.607284545898438 6.995800018310547
12.094650268554688 -11.862346649169922 5.219089031219482
12.094650268554688 -7.11740779876709 12.214888572692871
12.094650268554688 -2.372469186782837 5.774311065673828
12.094650268554688 2.372469186782837 6.773711204528809
12.094650268554688 7.11740779876709 10.549221992492676
12.094650268554688 11.862346649169922 4.552822113037109
12.094650268554688 16.607284545898438 2.998199939727783
12.094650268554688 21.352224349975586 4.108644485473633
12.094650268554688 26.0971622467041 1.332533359527588
16.126201629638672 23.724693298339844 1.443577766418457
16.126201629638672 18.979753494262695 5.885355472564697
16.126201629638672 14.23481559753418 4.330733299255371
16.126201629638672 9.489876747131348 7.773111343383789
16.126201629638672 4.744938373565674 14.32473373413086
16.126201629638672 0.0 10.549221992492676
16.126201629638672 -4.744938373565674 9.994000434875488
16.126201629638672 -9.489876747131348 7.662066459655762
16.126201629638672 -14.23481559753418 3.7755110263824463
16.126201629638672 -18.979753494262695 6.55162239074707
16.126201629638672 -23.724693298339844 11.10444450378418
16.126201629638672 -28.46963119506836 10.771310806274414
16.126201629638672 -33.214569091796875 8.994600296020508
20.157751083374023 -30.842100143432617 7.328933238983154
20.157751083374023 -26.0971622467041 11.881755828857422
20.157751083374023 -21.352224349975586 8.106244087219238
20.157751083374023 -16.607284545898438 4.330733299255371
20.157751083374023 -11.862346649169922 5.774311065673828
20.157751083374023 -7.11740779876709 5.885355472564697
20.157751083374023 -2.372469186782837 8.994600296020508
20.157751083374023 2.372469186782837 19.210689544677734
20.157751083374023 7.11740779876709 14.43577766418457
20.157751083374023 11.862346649169922 7.328933238983154
20.157751083374023 16.607284545898438 7.995200157165527
20.157751083374023 21.352224349975586 1.2214888334274292
24.189300537109375 14.23481559753418 2.665066719055176
24.189300537109375 9.489876747131348 2.665066719055176
24.189300537109375 4.744938373565674 1.776711106300354
24.189300537109375 0.0 1.2214888334274292
24.189300537109375 -4.744938373565674 1.6656666994094849
24.189300537109375 -9.489876747131348 3.664466619491577
24.189300537109375 -14.23481559753418 4.885955333709717
24.189300537109375 -18.979753494262695 5.441177845001221
24.189300537109375 -23.724693298339844 8.439377784729004
24.189300537109375 -28.46963119506836 4.774910926818848
28.22085189819336 -26.0971622467041 1.11044442653656
28.22085189819336 -21.352224349975586 1.2214888334274292
28.22085189819336 -16.607284545898438 1.2214888334274292
28.22085189819336 -11.862346649169922 1.11044442653656
####ControlPointIndex
2
####SpotTunnedID
4.0
####CumulativeMetersetWeight
1534.967356
####Energy (MeV)
125.671
####NbOfScannedSpots
170
####X Y Weight
-28.595455169677734 7.203451156616211 1.11044442653656
-24.51038932800293 19.209203720092773 2.665066719055176
-24.51038932800293 14.406902313232422 3.7755110263824463
-24.51038932800293 9.604601860046387 3.664466619491577
-24.51038932800293 4.802300930023193 5.885355472564697
-24.51038932800293 -3.552713678800501e-15 3.8865556716918945
-24.51038932800293 -4.802300930023193 2.22088885307312
-20.425325393676758 -21.610353469848633 1.11044442653656
-20.425325393676758 -16.80805206298828 1.332533359527588
-20.425325393676758 -12.005751609802246 1.11044442653656
-20.425325393676758 -7.203451156616211 1.332533359527588
-20.425325393676758 -2.4011504650115967 9.771910667419434
-20.425325393676758 2.4011504650115967 11.992799758911133
-20.425325393676758 7.203451156616211 5.108044624328613
-20.425325393676758 12.005751609802246 7.106844425201416
-20.425325393676758 16.80805206298828 5.663266658782959
-20.425325393676758 21.610353469848633 8.217288970947266
-20.425325393676758 26.412654876708984 1.443577766418457
-16.340259552001953 28.813804626464844 2.109844446182251
-16.340259552001953 24.011503219604492 6.329533100128174
-16.340259552001953 19.209203720092773 3.2202889919281006
-16.340259552001953 14.406902313232422 5.663266658782959
-16.340259552001953 9.604601860046387 7.884155750274658
-16.340259552001953 4.802300930023193 4.997000217437744
-16.340259552001953 -3.552713678800501e-15 13.769511222839355
-16.340259552001953 -4.802300930023193 8.661466598510742
-16.340259552001953 -9.604601860046387 1.5546221733093262
-16.340259552001953 -14.406902313232422 1.6656666994094849
-16.340259552001953 -19.209203720092773 6.773711204528809
-16.340259552001953 -24.011503219604492 2.887155532836914
-16.340259552001953 -28.813804626464844 1.776711106300354
-12.255194664001465 -31.214954376220703 1.11044442653656
-12.255194664001465 -26.412654876708984 2.665066719055176
-12.255194664001465 -21.610353469848633 7.551022052764893
-12.255194664001465 -16.80805206298828 23.319334030151367
-12.255194664001465 -12.005751609802246 25.207088470458984
-12.255194664001465 -7.203451156616211 20.099044799804688
-12.255194664001465 -2.4011504650115967 11.326533317565918
-12.255194664001465 2.4011504650115967 7.106844425201416
-12.255194664001465 7.203451156616211 11.659667015075684
-12.255194664001465 12.005751609802246 4.885955333709717
-12.255194664001465 16.80805206298828 4.330733299255371
-12.255194664001465 21.610353469848633 2.109844446182251
-12.255194664001465 26.412654876708984 5.219089031219482
-12.255194664001465 31.214954376220703 1.332533359527588
-8.170129776000977 28.813804626464844 6.6626667976379395
-8.170129776000977 24.011503219604492 2.998199939727783
-8.170129776000977 19.209203720092773 9.105644226074219
-8.170129776000977 14.406902313232422 5.996399879455566
-8.170129776000977 9.604601860046387 17.433977127075195
-8.170129776000977 4.802300930023193 13.325333595275879
-8.170129776000977 -3.552713678800501e-15 1.332533359527588
-8.170129776000977 -4.802300930023193 1.11044442653656
-8.170129776000977 -9.604601860046387 1.11044442653656
-8.170129776000977 -14.406902313232422 3.553422212600708
-8.170129776000977 -19.209203720092773 8.106244087219238
-8.170129776000977 -24.011503219604492 6.884755611419678
-8.170129776000977 -28.813804626464844 4.108644485473633
-4.085064888000488 -31.214954376220703 1.332533359527588
-4.085064888000488 -26.412654876708984 13.658466339111328
-4.085064888000488 -21.610353469848633 9.438777923583984
-4.085064888000488 -16.80805206298828 6.55162239074707
-4.085064888000488 -12.005751609802246 1.6656666994094849
-4.085064888000488 -7.203451156616211 2.109844446182251
-4.085064888000488 -2.4011504650115967 1.5546221733093262
-4.085064888000488 2.4011504650115967 1.776711106300354
-4.085064888000488 7.203451156616211 4.885955333709717
-4.085064888000488 12.005751609802246 5.663266658782959
-4.085064888000488 16.80805206298828 7.106844425201416
-4.085064888000488 21.610353469848633 8.106244087219238
-4.085064888000488 26.412654876708984 4.219688892364502
-4.085064888000488 31.214954376220703 1.6656666994094849
5.329070518200751e-15 28.813804626464844 5.219089031219482
5.329070518200751e-15 24.011503219604492 3.9976000785827637
5.329070518200751e-15 19.209203720092773 5.774311065673828
5.329070518200751e-15 14.406902313232422 3.7755110263824463
5.329070518200751e-15 9.604601860046387 1.11044442653656
5.329070518200751e-15 4.802300930023193 1.11044442653656
5.329070518200751e-15 -4.802300930023193 1.9988000392913818
5.329070518200751e-15 -9.604601860046387 1.11044442653656
5.329070518200751e-15 -14.406902313232422 2.665066719055176
5.329070518200751e-15 -19.209203720092773 12.881155967712402
5.329070518200751e-15 -24.011503219604492 7.328933238983154
5.329070518200751e-15 -28.813804626464844 9.105644226074219
5.329070518200751e-15 -33.61610412597656 1.11044442653656
4.085064888000488 -36.01725387573242 1.9988000392913818
4.085064888000488 -31.214954376220703 8.550422668457031
4.085064888000488 -26.412654876708984 14.879955291748047
4.085064888000488 -21.610353469848633 11.770710945129395
4.085064888000488 -16.80805206298828 2.887155532836914
4.085064888000488 -12.005751609802246 1.11044442653656
4.085064888000488 -7.203451156616211 3.553422212600708
4.085064888000488 -2.4011504650115967 5.441177845001221
4.085064888000488 2.4011504650115967 1.8877555131912231
4.085064888000488 7.203451156616211 1.2214888334274292
4.085064888000488 12.005751609802246 8.217288970947266
4.085064888000488 16.80805206298828 13.880555152893066
4.085064888000488 21.610353469848633 5.108044624328613
4.085064888000488 26.412654876708984 4.330733299255371
4.085064888000488 31.214954376220703 2.22088885307312
8.170129776000977 28.813804626464844 6.773711204528809
8.170129776000977 24.011503219604492 3.3313333988189697
8.170129776000977 19.209203720092773 7.884155750274658
8.170129776000977 14.406902313232422 15.102044105529785
8.170129776000977 9.604601860046387 4.219688892364502
8.170129776000977 4.802300930023193 1.5546221733093262
8.170129776000977 -3.552713678800501e-15 2.776111125946045
8.170129776000977 -4.802300930023193 4.44177770614624
8.170129776000977 -9.604601860046387 2.4429776668548584
8.170129776000977 -14.406902313232422 2.887155532836914
8.170129776000977 -19.209203720092773 13.547422409057617
8.170129776000977 -24.011503219604492 4.330733299255371
8.170129776000977 -28.813804626464844 6.440577983856201
8.170129776000977 -33.61610412597656 17.322933197021484
12.255194664001465 -36.01725387573242 5.774311065673828
12.255194664001465 -31.214954376220703 15.102044105529785
12.255194664001465 -21.610353469848633 2.998199939727783
12.255194664001465 -16.80805206298828 13.43637752532959
12.255194664001465 -12.005751609802246 5.885355472564697
12.255194664001465 -7.203451156616211 4.330733299255371
12.255194664001465 -2.4011504650115967 3.9976000785827637
12.255194664001465 2.4011504650115967 2.776111125946045
12.255194664001465 7.203451156616211 2.109844446182251
12.255194664001465 12.005751609802246 3.8865556716918945
12.255194664001465 16.80805206298828 5.774311065673828
12.255194664001465 21.610353469848633 4.330733299255371
12.255194664001465 26.412654876708984 5.996399879455566
12.255194664001465 31.214954376220703 1.5546221733093262
16.340259552001953 28.813804626464844 2.998199939727783
16.340259552001953 24.011503219604492 6.218488693237305
16.340259552001953 19.209203720092773 7.773111343383789
16.340259552001953 14.406902313232422 7.884155750274658
16.340259552001953 9.604601860046387 6.773711204528809
16.340259552001953 4.802300930023193 6.329533100128174
16.340259552001953 -3.552713678800501e-15 7.551022052764893
16.340259552001953 -4.802300930023193 5.219089031219482
16.340259552001953 -9.604601860046387 5.55222225189209
16.340259552001953 -14.406902313232422 6.773711204528809
16.340259552001953 -19.209203720092773 7.884155750274658
16.340259552001953 -24.011503219604492 1.11044442653656
16.340259552001953 -28.813804626464844 1.776711106300354
16.340259552001953 -33.61610412597656 7.106844425201416
20.425325393676758 -31.214954376220703 6.218488693237305
20.425325393676758 -26.412654876708984 10.549221992492676
20.425325393676758 -21.610353469848633 10.1050443649292
20.425325393676758 -16.80805206298828 5.663266658782959
20.425325393676758 -12.005751609802246 6.218488693237305
20.425325393676758 -7.203451156616211 5.441177845001221
20.425325393676758 -2.4011504650115967 5.774311065673828
20.425325393676758 2.4011504650115967 6.884755611419678
20.425325393676758 7.203451156616211 11.437578201293945
20.425325393676758 12.005751609802246 12.43697738647461
20.425325393676758 16.80805206298828 8.661466598510742
20.425325393676758 21.610353469848633 5.330133438110352
20.425325393676758 26.412654876708984 1.6656666994094849
24.51038932800293 19.209203720092773 1.332533359527588
24.51038932800293 14.406902313232422 2.665066719055176
24.51038932800293 9.604601860046387 3.664466619491577
24.51038932800293 4.802300930023193 1.776711106300354
24.51038932800293 -3.552713678800501e-15 1.11044442653656
24.51038932800293 -4.802300930023193 2.776111125946045
24.51038932800293 -9.604601860046387 4.552822113037109
24.51038932800293 -14.406902313232422 5.219089031219482
24.51038932800293 -19.209203720092773 9.549821853637695
24.51038932800293 -24.011503219604492 10.549221992492676
24.51038932800293 -28.813804626464844 5.219089031219482
28.595455169677734 -21.610353469848633 1.443577766418457
28.595455169677734 -16.80805206298828 1.11044442653656
28.595455169677734 -12.005751609802246 1.11044442653656
28.595455169677734 -7.203451156616211 1.11044442653656
####ControlPointIndex
3
####SpotTunnedID
4.0
####CumulativeMetersetWeight
2504.829533
####Energy (MeV)
121.71
####NbOfScannedSpots
175
####X Y Weight
-24.809532165527344 24.281747817993164 1.443577766418457
-24.809532165527344 19.425397872924805 3.442377805709839
-24.809532165527344 14.569048881530762 4.219688892364502
-24.809532165527344 9.712698936462402 5.441177845001221
-24.809532165527344 4.856349468231201 10.1050443649292
-24.809532165527344 -1.0658141036401503e-14 7.551022052764893
-24.809532165527344 -4.856349468231201 3.2202889919281006
-24.809532165527344 -9.712698936462402 1.5546221733093262
-20.674610137939453 -21.853572845458984 1.11044442653656
-20.674610137939453 -16.997222900390625 1.5546221733093262
-20.674610137939453 -12.140873908996582 1.9988000392913818
-20.674610137939453 -7.284524440765381 2.998199939727783
-20.674610137939453 -2.4281747341156006 9.660866737365723
-20.674610137939453 2.4281747341156006 11.548622131347656
-20.674610137939453 7.284524440765381 9.327733039855957
-20.674610137939453 12.140873908996582 9.216689109802246
-20.674610137939453 16.997222900390625 9.216689109802246
-20.674610137939453 21.853572845458984 8.77251148223877
-20.674610137939453 26.709922790527344 4.997000217437744
-16.539688110351562 29.138097763061523 6.773711204528809
-16.539688110351562 24.281747817993164 5.885355472564697
-16.539688110351562 19.425397872924805 9.216689109802246
-16.539688110351562 14.569048881530762 8.439377784729004
-16.539688110351562 9.712698936462402 6.6626667976379395
-16.539688110351562 4.856349468231201 2.887155532836914
-16.539688110351562 -1.0658141036401503e-14 3.664466619491577
-16.539688110351562 -4.856349468231201 2.22088885307312
-16.539688110351562 -9.712698936462402 1.332533359527588
-16.539688110351562 -14.569048881530762 5.441177845001221
-16.539688110351562 -19.425397872924805 7.217888832092285
-16.539688110351562 -24.281747817993164 3.8865556716918945
-16.539688110351562 -29.138097763061523 2.22088885307312
-12.404766082763672 -31.566272735595703 1.5546221733093262
-12.404766082763672 -26.709922790527344 3.8865556716918945
-12.404766082763672 -21.853572845458984 5.219089031219482
-12.404766082763672 -16.997222900390625 4.330733299255371
-12.404766082763672 -12.140873908996582 1.443577766418457
-12.404766082763672 -7.284524440765381 1.11044442653656
-12.404766082763672 -2.4281747341156006 1.5546221733093262
-12.404766082763672 2.4281747341156006 1.332533359527588
-12.404766082763672 7.284524440765381 1.9988000392913818
-12.404766082763672 12.140873908996582 4.552822113037109
-12.404766082763672 16.997222900390625 6.218488693237305
-12.404766082763672 21.853572845458984 6.218488693237305
-12.404766082763672 26.709922790527344 4.885955333709717
-12.404766082763672 31.566272735595703 6.440577983856201
-8.269844055175781 33.99444580078125 2.776111125946045
-8.269844055175781 29.138097763061523 7.773111343383789
-8.269844055175781 24.281747817993164 8.88355541229248
-8.269844055175781 19.425397872924805 14.546822547912598
-8.269844055175781 14.569048881530762 8.328332901000977
-8.269844055175781 9.712698936462402 3.553422212600708
-8.269844055175781 4.856349468231201 2.3319332599639893
-8.269844055175781 -1.0658141036401503e-14 2.887155532836914
-8.269844055175781 -4.856349468231201 2.109844446182251
-8.269844055175781 -9.712698936462402 1.11044442653656
-8.269844055175781 -14.569048881530762 1.11044442653656
-8.269844055175781 -19.425397872924805 1.443577766418457
-8.269844055175781 -24.281747817993164 6.773711204528809
-8.269844055175781 -29.138097763061523 7.884155750274658
-8.269844055175781 -33.99444580078125 1.6656666994094849
-4.134922027587891 -31.566272735595703 6.1074442863464355
-4.134922027587891 -26.709922790527344 11.659667015075684
-4.134922027587891 -21.853572845458984 1.776711106300354
-4.134922027587891 -16.997222900390625 3.664466619491577
-4.134922027587891 -12.140873908996582 3.442377805709839
-4.134922027587891 -7.284524440765381 3.664466619491577
-4.134922027587891 -2.4281747341156006 3.664466619491577
-4.134922027587891 2.4281747341156006 3.1092443466186523
-4.134922027587891 7.284524440765381 1.8877555131912231
-4.134922027587891 12.140873908996582 1.11044442653656
-4.134922027587891 16.997222900390625 5.885355472564697
-4.134922027587891 21.853572845458984 15.324132919311523
-4.134922027587891 26.709922790527344 6.55162239074707
-4.134922027587891 31.566272735595703 7.995200157165527
-4.134922027587891 36.42262268066406 1.11044442653656
7.105427357601002e-15 33.99444580078125 5.774311065673828
7.105427357601002e-15 29.138097763061523 5.774311065673828
7.105427357601002e-15 24.281747817993164 8.439377784729004
7.105427357601002e-15 19.425397872924805 9.327733039855957
7.105427357601002e-15 14.569048881530762 1.11044442653656
7.105427357601002e-15 9.712698936462402 1.11044442653656
7.105427357601002e-15 4.856349468231201 4.774910926818848
7.105427357601002e-15 -1.0658141036401503e-14 2.4429776668548584
7.105427357601002e-15 -4.856349468231201 3.553422212600708
7.105427357601002e-15 -9.712698936462402 2.4429776668548584
7.105427357601002e-15 -14.569048881530762 3.442377805709839
7.105427357601002e-15 -19.425397872924805 2.887155532836914
7.105427357601002e-15 -24.281747817993164 1.332533359527588
7.105427357601002e-15 -29.138097763061523 9.216689109802246
7.105427357601002e-15 -33.99444580078125 3.442377805709839
4.134922027587891 -36.42262268066406 2.776111125946045
4.134922027587891 -31.566272735595703 9.105644226074219
4.134922027587891 -26.709922790527344 1.2214888334274292
4.134922027587891 -21.853572845458984 2.109844446182251
4.134922027587891 -16.997222900390625 3.1092443466186523
4.134922027587891 -7.284524440765381 1.5546221733093262
4.134922027587891 -2.4281747341156006 3.553422212600708
4.134922027587891 2.4281747341156006 5.663266658782959
4.134922027587891 7.284524440765381 5.663266658782959
4.134922027587891 12.140873908996582 1.776711106300354
4.134922027587891 16.997222900390625 6.884755611419678
4.134922027587891 21.853572845458984 10.993399620056152
4.134922027587891 26.709922790527344 6.440577983856201
4.134922027587891 31.566272735595703 7.995200157165527
4.134922027587891 36.42262268066406 1.11044442653656
8.269844055175781 33.99444580078125 4.219688892364502
8.269844055175781 29.138097763061523 7.217888832092285
8.269844055175781 24.281747817993164 7.662066459655762
8.269844055175781 19.425397872924805 7.995200157165527
8.269844055175781 14.569048881530762 2.998199939727783
8.269844055175781 9.712698936462402 1.776711106300354
8.269844055175781 4.856349468231201 3.664466619491577
8.269844055175781 -1.0658141036401503e-14 2.998199939727783
8.269844055175781 -4.856349468231201 2.776111125946045
8.269844055175781 -9.712698936462402 1.332533359527588
8.269844055175781 -14.569048881530762 3.7755110263824463
8.269844055175781 -19.425397872924805 1.9988000392913818
8.269844055175781 -24.281747817993164 1.11044442653656
8.269844055175781 -29.138097763061523 2.22088885307312
8.269844055175781 -33.99444580078125 13.658466339111328
8.269844055175781 -38.85079574584961 1.332533359527588
12.404766082763672 -36.42262268066406 8.994600296020508
12.404766082763672 -31.566272735595703 5.219089031219482
12.404766082763672 -16.997222900390625 3.8865556716918945
12.404766082763672 -12.140873908996582 3.1092443466186523
12.404766082763672 -7.284524440765381 2.22088885307312
12.404766082763672 -2.4281747341156006 2.5540223121643066
12.404766082763672 2.4281747341156006 2.776111125946045
12.404766082763672 7.284524440765381 1.332533359527588
12.404766082763672 12.140873908996582 1.11044442653656
12.404766082763672 16.997222900390625 2.776111125946045
12.404766082763672 21.853572845458984 8.550422668457031
12.404766082763672 26.709922790527344 6.773711204528809
12.404766082763672 31.566272735595703 4.885955333709717
16.539688110351562 29.138097763061523 3.3313333988189697
16.539688110351562 24.281747817993164 7.773111343383789
16.539688110351562 19.425397872924805 9.660866737365723
16.539688110351562 14.569048881530762 4.774910926818848
16.539688110351562 9.712698936462402 2.3319332599639893
16.539688110351562 4.856349468231201 3.2202889919281006
16.539688110351562 -1.0658141036401503e-14 4.44177770614624
16.539688110351562 -4.856349468231201 3.7755110263824463
16.539688110351562 -9.712698936462402 2.5540223121643066
16.539688110351562 -14.569048881530762 1.5546221733093262
16.539688110351562 -19.425397872924805 1.11044442653656
16.539688110351562 -29.138097763061523 2.776111125946045
16.539688110351562 -33.99444580078125 6.884755611419678
20.674610137939453 -31.566272735595703 4.885955333709717
20.674610137939453 -26.709922790527344 4.997000217437744
20.674610137939453 -21.853572845458984 5.108044624328613
20.674610137939453 -16.997222900390625 5.55222225189209
20.674610137939453 -12.140873908996582 8.661466598510742
20.674610137939453 -7.284524440765381 8.77251148223877
20.674610137939453 -2.4281747341156006 5.219089031219482
20.674610137939453 2.4281747341156006 3.3313333988189697
20.674610137939453 7.284524440765381 4.330733299255371
20.674610137939453 12.140873908996582 10.549221992492676
20.674610137939453 16.997222900390625 11.548622131347656
20.674610137939453 21.853572845458984 5.885355472564697
20.674610137939453 26.709922790527344 2.5540223121643066
24.809532165527344 19.425397872924805 1.776711106300354
24.809532165527344 14.569048881530762 2.665066719055176
24.809532165527344 9.712698936462402 2.4429776668548584
24.809532165527344 4.856349468231201 1.11044442653656
24.809532165527344 -1.0658141036401503e-14 1.11044442653656
24.809532165527344 -4.856349468231201 2.5540223121643066
24.809532165527344 -9.712698936462402 6.995800018310547
24.809532165527344 -14.569048881530762 9.660866737365723
24.809532165527344 -19.425397872924805 10.438178062438965
24.809532165527344 -24.281747817993164 7.773111343383789
24.809532165527344 -29.138097763061523 4.552822113037109
28.944454193115234 -21.853572845458984 1.8877555131912231
28.944454193115234 -16.997222900390625 1.11044442653656
28.944454193115234 -12.140873908996582 1.11044442653656
####ControlPointIndex
4
####SpotTunnedID
4.0
####CumulativeMetersetWeight
3325.670067
####Energy (MeV)
117.825
####NbOfScannedSpots
170
####X Y Weight
-25.10393524169922 -9.810791015625 1.776711106300354
-25.10393524169922 -4.9053955078125 4.885955333709717
-25.10393524169922 -7.105427357601002e-15 8.661466598510742
-25.10393524169922 4.9053955078125 9.216689109802246
-25.10393524169922 9.810791015625 5.996399879455566
-25.10393524169922 14.7161865234375 4.330733299255371
-25.10393524169922 19.62158203125 2.665066719055176
-25.10393524169922 24.5269775390625 1.776711106300354
-20.919946670532227 31.88507080078125 1.11044442653656
-20.919946670532227 26.97967529296875 5.663266658782959
-20.919946670532227 22.07427978515625 14.213688850402832
-20.919946670532227 17.16888427734375 14.102643966674805
-20.919946670532227 12.26348876953125 8.439377784729004
-20.919946670532227 7.35809326171875 5.330133438110352
-20.919946670532227 2.45269775390625 5.774311065673828
-20.919946670532227 -2.45269775390625 9.216689109802246
-20.919946670532227 -7.35809326171875 5.330133438110352
-20.919946670532227 -12.26348876953125 2.776111125946045
-20.919946670532227 -17.16888427734375 2.887155532836914
-20.919946670532227 -22.07427978515625 1.11044442653656
-16.7359561920166 -29.432373046875 2.776111125946045
-16.7359561920166 -24.5269775390625 10.1050443649292
-16.7359561920166 -19.62158203125 8.88355541229248
-16.7359561920166 -14.7161865234375 5.996399879455566
-16.7359561920166 -9.810791015625 1.332533359527588
-16.7359561920166 -4.9053955078125 1.11044442653656
-16.7359561920166 -7.105427357601002e-15 1.11044442653656
-16.7359561920166 4.9053955078125 1.5546221733093262
-16.7359561920166 9.810791015625 2.665066719055176
-16.7359561920166 14.7161865234375 2.887155532836914
-16.7359561920166 19.62158203125 5.996399879455566
-16.7359561920166 24.5269775390625 11.548622131347656
-16.7359561920166 29.432373046875 6.1074442863464355
-16.7359561920166 34.3377685546875 1.332533359527588
-12.55196762084961 36.79046630859375 1.11044442653656
-12.55196762084961 31.88507080078125 8.88355541229248
-12.55196762084961 26.97967529296875 8.88355541229248
-12.55196762084961 22.07427978515625 2.5540223121643066
-12.55196762084961 17.16888427734375 1.11044442653656
-12.55196762084961 12.26348876953125 1.332533359527588
-12.55196762084961 7.35809326171875 1.6656666994094849
-12.55196762084961 2.45269775390625 1.2214888334274292
-12.55196762084961 -2.45269775390625 1.11044442653656
-12.55196762084961 -12.26348876953125 1.11044442653656
-12.55196762084961 -17.16888427734375 1.9988000392913818
-12.55196762084961 -22.07427978515625 9.216689109802246
-12.55196762084961 -26.97967529296875 17.322933197021484
-12.55196762084961 -31.88507080078125 1.6656666994094849
-8.3679780960083 -34.3377685546875 1.9988000392913818
-8.3679780960083 -29.432373046875 5.441177845001221
-8.3679780960083 -9.810791015625 1.11044442653656
-8.3679780960083 -24.5269775390625 3.8865556716918945
-8.3679780960083 -4.9053955078125 3.8865556716918945
-8.3679780960083 -7.105427357601002e-15 5.663266658782959
-8.3679780960083 4.9053955078125 4.219688892364502
-8.3679780960083 9.810791015625 4.552822113037109
-8.3679780960083 14.7161865234375 2.3319332599639893
-8.3679780960083 19.62158203125 1.6656666994094849
-8.3679780960083 24.5269775390625 3.8865556716918945
-8.3679780960083 29.432373046875 11.992799758911133
-8.3679780960083 34.3377685546875 5.996399879455566
-4.18398904800415 36.79046630859375 3.1092443466186523
-4.18398904800415 31.88507080078125 10.216089248657227
-4.18398904800415 26.97967529296875 4.997000217437744
-4.18398904800415 22.07427978515625 2.4429776668548584
-4.18398904800415 17.16888427734375 2.887155532836914
-4.18398904800415 12.26348876953125 4.330733299255371
-4.18398904800415 7.35809326171875 2.665066719055176
-4.18398904800415 2.45269775390625 1.9988000392913818
-4.18398904800415 -2.45269775390625 3.9976000785827637
-4.18398904800415 -7.35809326171875 5.996399879455566
-4.18398904800415 -12.26348876953125 4.44177770614624
-4.18398904800415 -17.16888427734375 1.11044442653656
-4.18398904800415 -26.97967529296875 3.664466619491577
-4.18398904800415 -31.88507080078125 6.218488693237305
7.105427357601002e-15 -34.3377685546875 4.774910926818848
7.105427357601002e-15 -29.432373046875 5.885355472564697
7.105427357601002e-15 -24.5269775390625 1.11044442653656
7.105427357601002e-15 -19.62158203125 2.22088885307312
7.105427357601002e-15 -14.7161865234375 5.330133438110352
7.105427357601002e-15 -9.810791015625 2.776111125946045
7.105427357601002e-15 -4.9053955078125 2.22088885307312
7.105427357601002e-15 4.9053955078125 1.11044442653656
7.105427357601002e-15 9.810791015625 1.9988000392913818
7.105427357601002e-15 14.7161865234375 3.8865556716918945
7.105427357601002e-15 19.62158203125 1.2214888334274292
7.105427357601002e-15 24.5269775390625 1.9988000392913818
7.105427357601002e-15 29.432373046875 8.439377784729004
7.105427357601002e-15 34.3377685546875 6.884755611419678
4.18398904800415 36.79046630859375 2.998199939727783
4.18398904800415 31.88507080078125 9.882955551147461
4.18398904800415 26.97967529296875 7.439977645874023
4.18398904800415 22.07427978515625 1.443577766418457
4.18398904800415 17.16888427734375 1.5546221733093262
4.18398904800415 12.26348876953125 5.663266658782959
4.18398904800415 7.35809326171875 3.442377805709839
4.18398904800415 2.45269775390625 1.2214888334274292
4.18398904800415 -2.45269775390625 1.11044442653656
4.18398904800415 -7.35809326171875 1.6656666994094849
4.18398904800415 -12.26348876953125 1.11044442653656
4.18398904800415 -17.16888427734375 3.442377805709839
4.18398904800415 -22.07427978515625 1.8877555131912231
4.18398904800415 -26.97967529296875 1.11044442653656
4.18398904800415 -31.88507080078125 7.106844425201416
4.18398904800415 -36.79046630859375 2.998199939727783
8.3679780960083 -34.3377685546875 8.439377784729004
8.3679780960083 -29.432373046875 1.8877555131912231
8.3679780960083 -24.5269775390625 1.9988000392913818
8.3679780960083 -19.62158203125 8.661466598510742
8.3679780960083 -14.7161865234375 4.6638665199279785
8.3679780960083 -9.810791015625 1.9988000392913818
8.3679780960083 -4.9053955078125 1.6656666994094849
8.3679780960083 -7.105427357601002e-15 1.8877555131912231
8.3679780960083 4.9053955078125 2.5540223121643066
8.3679780960083 9.810791015625 3.3313333988189697
8.3679780960083 14.7161865234375 1.11044442653656
8.3679780960083 19.62158203125 1.11044442653656
8.3679780960083 24.5269775390625 6.218488693237305
8.3679780960083 29.432373046875 11.881755828857422
8.3679780960083 34.3377685546875 5.330133438110352
12.55196762084961 31.88507080078125 5.885355472564697
12.55196762084961 26.97967529296875 11.659667015075684
12.55196762084961 22.07427978515625 5.996399879455566
12.55196762084961 7.35809326171875 2.665066719055176
12.55196762084961 2.45269775390625 2.4429776668548584
12.55196762084961 -2.45269775390625 2.5540223121643066
12.55196762084961 -7.35809326171875 1.5546221733093262
12.55196762084961 -12.26348876953125 2.4429776668548584
12.55196762084961 -17.16888427734375 3.664466619491577
12.55196762084961 -22.07427978515625 2.5540223121643066
12.55196762084961 -26.97967529296875 2.665066719055176
12.55196762084961 -31.88507080078125 5.219089031219482
12.55196762084961 -36.79046630859375 2.22088885307312
16.7359561920166 -34.3377685546875 2.887155532836914
16.7359561920166 -29.432373046875 5.441177845001221
16.7359561920166 -24.5269775390625 1.8877555131912231
16.7359561920166 -19.62158203125 1.11044442653656
16.7359561920166 -14.7161865234375 1.2214888334274292
16.7359561920166 -9.810791015625 2.109844446182251
16.7359561920166 -4.9053955078125 3.2202889919281006
16.7359561920166 -7.105427357601002e-15 2.776111125946045
16.7359561920166 4.9053955078125 2.4429776668548584
16.7359561920166 9.810791015625 2.665066719055176
16.7359561920166 14.7161865234375 1.8877555131912231
16.7359561920166 19.62158203125 7.773111343383789
16.7359561920166 24.5269775390625 12.10384464263916
16.7359561920166 29.432373046875 4.108644485473633
20.919946670532227 26.97967529296875 2.3319332599639893
20.919946670532227 22.07427978515625 7.884155750274658
20.919946670532227 17.16888427734375 9.994000434875488
20.919946670532227 12.26348876953125 4.885955333709717
20.919946670532227 7.35809326171875 3.1092443466186523
20.919946670532227 2.45269775390625 2.776111125946045
20.919946670532227 -2.45269775390625 3.8865556716918945
20.919946670532227 -7.35809326171875 6.995800018310547
20.919946670532227 -12.26348876953125 7.551022052764893
20.919946670532227 -17.16888427734375 3.2202889919281006
20.919946670532227 -22.07427978515625 2.887155532836914
20.919946670532227 -26.97967529296875 3.8865556716918945
20.919946670532227 -31.88507080078125 2.5540223121643066
25.10393524169922 -29.432373046875 1.332533359527588
25.10393524169922 -24.5269775390625 5.441177845001221
25.10393524169922 -19.62158203125 6.1074442863464355
25.10393524169922 -14.7161865234375 7.884155750274658
25.10393524169922 -9.810791015625 6.995800018310547
25.10393524169922 9.810791015625 1.443577766418457
25.10393524169922 -4.9053955078125 2.4429776668548584
25.10393524169922 14.7161865234375 1.443577766418457
25.10393524169922 19.62158203125 1.11044442653656
29.28792381286621 -17.16888427734375 1.443577766418457
####ControlPointIndex
5
####SpotTunnedID
4.0
####CumulativeMetersetWeight
4045.682244
####Energy (MeV)
114.007
####NbOfScannedSpots
151
####X Y Weight
-25.408740997314453 -9.899219512939453 2.776111125946045
-25.408740997314453 -4.949609756469727 5.774311065673828
-25.408740997314453 5.329070518200751e-15 7.106844425201416
-25.408740997314453 4.949609756469727 6.884755611419678
-25.408740997314453 9.899219512939453 3.553422212600708
-25.408740997314453 14.848830223083496 3.442377805709839
-25.408740997314453 19.798439025878906 3.1092443466186523
-25.408740997314453 24.748050689697266 1.776711106300354
-21.1739501953125 32.17246627807617 1.11044442653656
-21.1739501953125 27.222854614257812 7.439977645874023
-21.1739501953125 22.273244857788086 12.325933456420898
-21.1739501953125 17.32363510131836 5.55222225189209
-21.1739501953125 12.374025344848633 4.44177770614624
-21.1739501953125 7.424415111541748 5.219089031219482
-21.1739501953125 2.4748048782348633 3.7755110263824463
-21.1739501953125 -2.4748048782348633 8.217288970947266
-21.1739501953125 -7.424415111541748 10.549221992492676
-21.1739501953125 -12.374025344848633 4.885955333709717
-21.1739501953125 -17.32363510131836 6.884755611419678
-21.1739501953125 -22.273244857788086 1.776711106300354
-16.939159393310547 -29.697660446166992 2.5540223121643066
-16.939159393310547 -24.748050689697266 10.993399620056152
-16.939159393310547 -19.798439025878906 13.10324478149414
-16.939159393310547 -14.848830223083496 3.9976000785827637
-16.939159393310547 -9.899219512939453 1.11044442653656
-16.939159393310547 4.949609756469727 1.443577766418457
-16.939159393310547 9.899219512939453 2.22088885307312
-16.939159393310547 14.848830223083496 1.443577766418457
-16.939159393310547 19.798439025878906 1.11044442653656
-16.939159393310547 24.748050689697266 7.217888832092285
-16.939159393310547 29.697660446166992 8.328332901000977
-16.939159393310547 34.64727020263672 1.5546221733093262
-12.704370498657227 37.122074127197266 1.6656666994094849
-12.704370498657227 32.17246627807617 10.549221992492676
-12.704370498657227 27.222854614257812 6.55162239074707
-12.704370498657227 12.374025344848633 1.9988000392913818
-12.704370498657227 7.424415111541748 2.665066719055176
-12.704370498657227 2.4748048782348633 1.8877555131912231
-12.704370498657227 -2.4748048782348633 1.11044442653656
-12.704370498657227 -12.374025344848633 1.11044442653656
-12.704370498657227 -17.32363510131836 1.11044442653656
-12.704370498657227 -22.273244857788086 4.774910926818848
-12.704370498657227 -27.222854614257812 13.880555152893066
-12.704370498657227 -32.17246627807617 3.9976000785827637
-8.469579696655273 -29.697660446166992 6.995800018310547
-8.469579696655273 -24.748050689697266 2.22088885307312
-8.469579696655273 -4.949609756469727 3.3313333988189697
-8.469579696655273 5.329070518200751e-15 4.219688892364502
-8.469579696655273 4.949609756469727 3.2202889919281006
-8.469579696655273 9.899219512939453 3.2202889919281006
-8.469579696655273 14.848830223083496 4.6638665199279785
-8.469579696655273 29.697660446166992 8.439377784729004
-8.469579696655273 34.64727020263672 9.438777923583984
-4.234789848327637 37.122074127197266 3.664466619491577
-4.234789848327637 32.17246627807617 9.771910667419434
-4.234789848327637 27.222854614257812 1.443577766418457
-4.234789848327637 17.32363510131836 7.217888832092285
-4.234789848327637 12.374025344848633 2.3319332599639893
-4.234789848327637 7.424415111541748 1.443577766418457
-4.234789848327637 2.4748048782348633 1.5546221733093262
-4.234789848327637 -2.4748048782348633 4.44177770614624
-4.234789848327637 -7.424415111541748 4.330733299255371
-4.234789848327637 -12.374025344848633 4.330733299255371
-4.234789848327637 -17.32363510131836 1.11044442653656
-4.234789848327637 -27.222854614257812 2.998199939727783
-4.234789848327637 -32.17246627807617 7.551022052764893
7.105427357601002e-15 -34.64727020263672 3.9976000785827637
7.105427357601002e-15 -29.697660446166992 4.885955333709717
7.105427357601002e-15 -19.798439025878906 2.665066719055176
7.105427357601002e-15 -14.848830223083496 4.219688892364502
7.105427357601002e-15 -9.899219512939453 1.8877555131912231
7.105427357601002e-15 -4.949609756469727 2.776111125946045
7.105427357601002e-15 9.899219512939453 1.11044442653656
7.105427357601002e-15 14.848830223083496 3.664466619491577
7.105427357601002e-15 19.798439025878906 1.8877555131912231
7.105427357601002e-15 24.748050689697266 1.11044442653656
7.105427357601002e-15 29.697660446166992 4.330733299255371
7.105427357601002e-15 34.64727020263672 8.106244087219238
7.105427357601002e-15 39.59687805175781 1.11044442653656
4.234789848327637 37.122074127197266 2.887155532836914
4.234789848327637 32.17246627807617 11.548622131347656
4.234789848327637 27.222854614257812 1.8877555131912231
4.234789848327637 17.32363510131836 4.330733299255371
4.234789848327637 12.374025344848633 4.6638665199279785
4.234789848327637 7.424415111541748 1.5546221733093262
4.234789848327637 2.4748048782348633 1.6656666994094849
4.234789848327637 -2.4748048782348633 1.2214888334274292
4.234789848327637 -7.424415111541748 1.776711106300354
4.234789848327637 -17.32363510131836 1.776711106300354
4.234789848327637 -22.273244857788086 2.109844446182251
4.234789848327637 -32.17246627807617 8.77251148223877
4.234789848327637 -37.122074127197266 1.9988000392913818
8.469579696655273 -34.64727020263672 5.108044624328613
8.469579696655273 -24.748050689697266 3.2202889919281006
8.469579696655273 -19.798439025878906 3.553422212600708
8.469579696655273 -14.848830223083496 2.3319332599639893
8.469579696655273 -9.899219512939453 2.3319332599639893
8.469579696655273 -4.949609756469727 1.8877555131912231
8.469579696655273 5.329070518200751e-15 2.4429776668548584
8.469579696655273 4.949609756469727 2.22088885307312
8.469579696655273 9.899219512939453 2.3319332599639893
8.469579696655273 14.848830223083496 2.109844446182251
8.469579696655273 24.748050689697266 1.11044442653656
8.469579696655273 29.697660446166992 10.549221992492676
8.469579696655273 34.64727020263672 6.1074442863464355
12.704370498657227 32.17246627807617 5.996399879455566
12.704370498657227 27.222854614257812 8.88355541229248
12.704370498657227 22.273244857788086 1.2214888334274292
12.704370498657227 12.374025344848633 1.5546221733093262
12.704370498657227 7.424415111541748 2.776111125946045
12.704370498657227 2.4748048782348633 2.3319332599639893
12.704370498657227 -2.4748048782348633 3.2202889919281006
12.704370498657227 -7.424415111541748 1.6656666994094849
12.704370498657227 -12.374025344848633 1.332533359527588
12.704370498657227 -17.32363510131836 1.443577766418457
12.704370498657227 -22.273244857788086 1.776711106300354
12.704370498657227 -27.222854614257812 3.1092443466186523
12.704370498657227 -32.17246627807617 1.8877555131912231
16.939159393310547 -29.697660446166992 3.442377805709839
16.939159393310547 -24.748050689697266 2.109844446182251
16.939159393310547 -19.798439025878906 1.2214888334274292
16.939159393310547 -14.848830223083496 1.11044442653656
16.939159393310547 -9.899219512939453 1.776711106300354
16.939159393310547 -4.949609756469727 3.7755110263824463
16.939159393310547 5.329070518200751e-15 1.5546221733093262
16.939159393310547 4.949609756469727 1.11044442653656
16.939159393310547 9.899219512939453 2.3319332599639893
16.939159393310547 14.848830223083496 2.4429776668548584
16.939159393310547 19.798439025878906 4.6638665199279785
16.939159393310547 24.748050689697266 11.326533317565918
16.939159393310547 29.697660446166992 3.553422212600708
21.1739501953125 27.222854614257812 1.6656666994094849
21.1739501953125 22.273244857788086 7.773111343383789
21.1739501953125 17.32363510131836 5.55222225189209
21.1739501953125 12.374025344848633 3.7755110263824463
21.1739501953125 7.424415111541748 2.4429776668548584
21.1739501953125 2.4748048782348633 1.2214888334274292
21.1739501953125 -2.4748048782348633 2.22088885307312
21.1739501953125 -7.424415111541748 5.219089031219482
21.1739501953125 -12.374025344848633 4.885955333709717
21.1739501953125 -17.32363510131836 2.109844446182251
21.1739501953125 -22.273244857788086 3.442377805709839
21.1739501953125 -27.222854614257812 2.998199939727783
21.1739501953125 -32.17246627807617 1.11044442653656
25.408740997314453 -24.748050689697266 3.8865556716918945
25.408740997314453 -19.798439025878906 4.552822113037109
25.408740997314453 -14.848830223083496 6.329533100128174
25.408740997314453 -9.899219512939453 4.108644485473633
25.408740997314453 -4.949609756469727 1.9988000392913818
25.408740997314453 14.848830223083496 1.5546221733093262
25.408740997314453 19.798439025878906 1.11044442653656
####ControlPointIndex
6
####SpotTunnedID
4.0
####CumulativeMetersetWeight
4635.439289
####Energy (MeV)
110.249
####NbOfScannedSpots
151
####X Y Weight
-25.743314743041992 -9.979239463806152 2.665066719055176
-25.743314743041992 -4.989619731903076 5.774311065673828
-25.743314743041992 -7.105427357601002e-15 4.330733299255371
-25.743314743041992 4.989619731903076 3.664466619491577
-25.743314743041992 9.979239463806152 2.109844446182251
-25.743314743041992 14.968859672546387 1.776711106300354
-25.743314743041992 19.958478927612305 1.9988000392913818
-25.743314743041992 24.94809913635254 1.11044442653656
-21.452762603759766 27.442909240722656 5.108044624328613
-21.452762603759766 22.453289031982422 7.106844425201416
-21.452762603759766 17.463668823242188 3.442377805709839
-21.452762603759766 12.47404956817627 4.330733299255371
-21.452762603759766 7.484429836273193 3.664466619491577
-21.452762603759766 2.494809865951538 3.3313333988189697
-21.452762603759766 -2.494809865951538 4.6638665199279785
-21.452762603759766 -7.484429836273193 9.660866737365723
-21.452762603759766 -12.47404956817627 9.105644226074219
-21.452762603759766 -17.463668823242188 8.328332901000977
-21.452762603759766 -22.453289031982422 1.5546221733093262
-17.16221046447754 -29.937719345092773 1.2214888334274292
-17.16221046447754 -24.94809913635254 4.6638665199279785
-17.16221046447754 -19.958478927612305 9.994000434875488
-17.16221046447754 -14.968859672546387 6.1074442863464355
-17.16221046447754 -9.979239463806152 1.2214888334274292
-17.16221046447754 4.989619731903076 1.8877555131912231
-17.16221046447754 9.979239463806152 2.4429776668548584
-17.16221046447754 14.968859672546387 2.4429776668548584
-17.16221046447754 19.958478927612305 1.2214888334274292
-17.16221046447754 24.94809913635254 4.330733299255371
-17.16221046447754 29.937719345092773 7.106844425201416
-17.16221046447754 34.927337646484375 1.11044442653656
-12.871657371520996 37.422149658203125 1.11044442653656
-12.871657371520996 32.43252944946289 9.882955551147461
-12.871657371520996 27.442909240722656 2.5540223121643066
-12.871657371520996 17.463668823242188 1.6656666994094849
-12.871657371520996 12.47404956817627 1.776711106300354
-12.871657371520996 7.484429836273193 2.109844446182251
-12.871657371520996 2.494809865951538 1.8877555131912231
-12.871657371520996 -22.453289031982422 1.11044442653656
-12.871657371520996 -27.442909240722656 5.330133438110352
-12.871657371520996 -32.43252944946289 2.887155532836914
-8.58110523223877 -34.927337646484375 1.11044442653656
-8.58110523223877 -29.937719345092773 7.773111343383789
-8.58110523223877 -24.94809913635254 1.776711106300354
-8.58110523223877 -19.958478927612305 1.11044442653656
-8.58110523223877 -4.989619731903076 3.3313333988189697
-8.58110523223877 -7.105427357601002e-15 3.2202889919281006
-8.58110523223877 4.989619731903076 2.665066719055176
-8.58110523223877 9.979239463806152 1.9988000392913818
-8.58110523223877 14.968859672546387 4.774910926818848
-8.58110523223877 19.958478927612305 2.5540223121643066
-8.58110523223877 29.937719345092773 4.552822113037109
-8.58110523223877 34.927337646484375 9.771910667419434
-4.290552616119385 37.422149658203125 3.8865556716918945
-4.290552616119385 32.43252944946289 8.328332901000977
-4.290552616119385 27.442909240722656 1.11044442653656
-4.290552616119385 22.453289031982422 1.2214888334274292
-4.290552616119385 17.463668823242188 6.6626667976379395
-4.290552616119385 12.47404956817627 1.776711106300354
-4.290552616119385 7.484429836273193 1.11044442653656
-4.290552616119385 2.494809865951538 1.6656666994094849
-4.290552616119385 -2.494809865951538 3.3313333988189697
-4.290552616119385 -7.484429836273193 3.553422212600708
-4.290552616119385 -12.47404956817627 4.108644485473633
-4.290552616119385 -17.463668823242188 2.22088885307312
-4.290552616119385 -22.453289031982422 1.11044442653656
-4.290552616119385 -27.442909240722656 1.776711106300354
-4.290552616119385 -32.43252944946289 11.659667015075684
-5.329070518200751e-15 -34.927337646484375 6.995800018310547
-5.329070518200751e-15 -29.937719345092773 4.885955333709717
-5.329070518200751e-15 -24.94809913635254 1.11044442653656
-5.329070518200751e-15 -19.958478927612305 2.109844446182251
-5.329070518200751e-15 -14.968859672546387 2.109844446182251
-5.329070518200751e-15 -9.979239463806152 1.776711106300354
-5.329070518200751e-15 -4.989619731903076 2.776111125946045
-5.329070518200751e-15 -7.105427357601002e-15 1.443577766418457
-5.329070518200751e-15 9.979239463806152 1.11044442653656
-5.329070518200751e-15 14.968859672546387 2.776111125946045
-5.329070518200751e-15 19.958478927612305 4.44177770614624
-5.329070518200751e-15 29.937719345092773 2.109844446182251
-5.329070518200751e-15 34.927337646484375 8.439377784729004
4.290552616119385 37.422149658203125 1.11044442653656
4.290552616119385 32.43252944946289 9.660866737365723
4.290552616119385 27.442909240722656 1.11044442653656
4.290552616119385 22.453289031982422 1.11044442653656
4.290552616119385 17.463668823242188 4.44177770614624
4.290552616119385 12.47404956817627 2.5540223121643066
4.290552616119385 7.484429836273193 1.332533359527588
4.290552616119385 2.494809865951538 1.5546221733093262
4.290552616119385 -2.494809865951538 1.776711106300354
4.290552616119385 -7.484429836273193 1.8877555131912231
4.290552616119385 -12.47404956817627 1.11044442653656
4.290552616119385 -17.463668823242188 1.6656666994094849
4.290552616119385 -22.453289031982422 2.665066719055176
4.290552616119385 -27.442909240722656 1.11044442653656
4.290552616119385 -32.43252944946289 5.219089031219482
4.290552616119385 -37.422149658203125 2.5540223121643066
8.58110523223877 -34.927337646484375 1.5546221733093262
8.58110523223877 -29.937719345092773 1.11044442653656
8.58110523223877 -24.94809913635254 2.665066719055176
8.58110523223877 -19.958478927612305 3.2202889919281006
8.58110523223877 -14.968859672546387 1.11044442653656
8.58110523223877 -9.979239463806152 1.2214888334274292
8.58110523223877 -4.989619731903076 2.3319332599639893
8.58110523223877 -7.105427357601002e-15 3.1092443466186523
8.58110523223877 4.989619731903076 2.5540223121643066
8.58110523223877 9.979239463806152 1.9988000392913818
8.58110523223877 14.968859672546387 1.8877555131912231
8.58110523223877 19.958478927612305 1.11044442653656
8.58110523223877 29.937719345092773 6.218488693237305
8.58110523223877 34.927337646484375 4.219688892364502
12.871657371520996 32.43252944946289 3.8865556716918945
12.871657371520996 27.442909240722656 5.108044624328613
12.871657371520996 22.453289031982422 1.5546221733093262
12.871657371520996 17.463668823242188 1.6656666994094849
12.871657371520996 12.47404956817627 2.109844446182251
12.871657371520996 7.484429836273193 1.776711106300354
12.871657371520996 2.494809865951538 1.6656666994094849
12.871657371520996 -2.494809865951538 2.887155532836914
12.871657371520996 -7.484429836273193 2.4429776668548584
12.871657371520996 -12.47404956817627 1.11044442653656
12.871657371520996 -17.463668823242188 1.776711106300354
12.871657371520996 -22.453289031982422 3.1092443466186523
12.871657371520996 -27.442909240722656 2.5540223121643066
17.16221046447754 -29.937719345092773 1.11044442653656
17.16221046447754 -24.94809913635254 2.109844446182251
17.16221046447754 -19.958478927612305 1.8877555131912231
17.16221046447754 -14.968859672546387 1.11044442653656
17.16221046447754 -9.979239463806152 2.3319332599639893
17.16221046447754 -4.989619731903076 2.3319332599639893
17.16221046447754 -7.105427357601002e-15 1.11044442653656
17.16221046447754 9.979239463806152 1.6656666994094849
17.16221046447754 14.968859672546387 2.3319332599639893
17.16221046447754 19.958478927612305 3.553422212600708
17.16221046447754 24.94809913635254 5.663266658782959
17.16221046447754 29.937719345092773 2.665066719055176
21.452762603759766 27.442909240722656 1.443577766418457
21.452762603759766 22.453289031982422 5.108044624328613
21.452762603759766 17.463668823242188 4.885955333709717
21.452762603759766 12.47404956817627 2.776111125946045
21.452762603759766 -2.494809865951538 2.776111125946045
21.452762603759766 -7.484429836273193 4.330733299255371
21.452762603759766 -12.47404956817627 4.885955333709717
21.452762603759766 -17.463668823242188 2.776111125946045
21.452762603759766 -22.453289031982422 3.664466619491577
21.452762603759766 -27.442909240722656 1.11044442653656
25.743314743041992 -24.94809913635254 1.11044442653656
25.743314743041992 -19.958478927612305 3.2202889919281006
25.743314743041992 -14.968859672546387 3.7755110263824463
25.743314743041992 -9.979239463806152 2.665066719055176
25.743314743041992 -4.989619731903076 1.11044442653656
####ControlPointIndex
7
####SpotTunnedID
4.0
####CumulativeMetersetWeight
5113.818756
####Energy (MeV)
106.538
####NbOfScannedSpots
145
####X Y Weight
-26.075883865356445 -10.104399681091309 2.109844446182251
-26.075883865356445 -5.052199840545654 4.219688892364502
-26.075883865356445 -1.0658141036401503e-14 2.109844446182251
-26.075883865356445 5.052199840545654 2.109844446182251
-26.075883865356445 10.104399681091309 1.5546221733093262
-26.075883865356445 15.156599044799805 1.11044442653656
-26.075883865356445 20.208799362182617 1.11044442653656
-26.075883865356445 25.260997772216797 1.11044442653656
-21.729902267456055 27.787097930908203 3.9976000785827637
-21.729902267456055 22.734899520874023 4.6638665199279785
-21.729902267456055 17.68269920349121 3.3313333988189697
-21.729902267456055 12.630498886108398 3.442377805709839
-21.729902267456055 7.578299522399902 3.442377805709839
-21.729902267456055 2.526099920272827 2.3319332599639893
-21.729902267456055 -2.526099920272827 2.3319332599639893
-21.729902267456055 -7.578299522399902 7.439977645874023
-21.729902267456055 -12.630498886108398 11.548622131347656
-21.729902267456055 -17.68269920349121 4.997000217437744
-17.383922576904297 -30.31319808959961 1.11044442653656
-17.383922576904297 -25.260997772216797 3.8865556716918945
-17.383922576904297 -20.208799362182617 4.330733299255371
-17.383922576904297 -15.156599044799805 4.219688892364502
-17.383922576904297 5.052199840545654 1.776711106300354
-17.383922576904297 10.104399681091309 2.665066719055176
-17.383922576904297 15.156599044799805 2.109844446182251
-17.383922576904297 20.208799362182617 2.887155532836914
-17.383922576904297 25.260997772216797 4.6638665199279785
-17.383922576904297 30.31319808959961 4.552822113037109
-17.383922576904297 35.36539840698242 1.332533359527588
-13.037941932678223 32.839298248291016 6.218488693237305
-13.037941932678223 27.787097930908203 2.22088885307312
-13.037941932678223 22.734899520874023 1.332533359527588
-13.037941932678223 17.68269920349121 1.2214888334274292
-13.037941932678223 12.630498886108398 1.5546221733093262
-13.037941932678223 7.578299522399902 2.3319332599639893
-13.037941932678223 2.526099920272827 2.109844446182251
-13.037941932678223 -17.68269920349121 1.332533359527588
-13.037941932678223 -22.734899520874023 2.776111125946045
-13.037941932678223 -27.787097930908203 4.997000217437744
-13.037941932678223 -32.839298248291016 1.11044442653656
-8.691961288452148 -35.36539840698242 2.776111125946045
-8.691961288452148 -30.31319808959961 6.884755611419678
-8.691961288452148 -25.260997772216797 1.443577766418457
-8.691961288452148 -20.208799362182617 1.8877555131912231
-8.691961288452148 -15.156599044799805 1.11044442653656
-8.691961288452148 -10.104399681091309 1.11044442653656
-8.691961288452148 -5.052199840545654 1.8877555131912231
-8.691961288452148 -3.907985046680551e-14 2.998199939727783
-8.691961288452148 5.052199840545654 1.9988000392913818
-8.691961288452148 10.104399681091309 1.776711106300354
-8.691961288452148 15.156599044799805 2.109844446182251
-8.691961288452148 20.208799362182617 1.9988000392913818
-8.691961288452148 25.260997772216797 1.11044442653656
-8.691961288452148 30.31319808959961 3.664466619491577
-8.691961288452148 35.36539840698242 4.885955333709717
-4.345980644226074 32.839298248291016 5.996399879455566
-4.345980644226074 27.787097930908203 1.11044442653656
-4.345980644226074 22.734899520874023 1.9988000392913818
-4.345980644226074 17.68269920349121 3.3313333988189697
-4.345980644226074 12.630498886108398 1.2214888334274292
-4.345980644226074 7.578299522399902 1.11044442653656
-4.345980644226074 2.526099920272827 1.5546221733093262
-4.345980644226074 -2.526099920272827 2.4429776668548584
-4.345980644226074 -7.578299522399902 2.109844446182251
-4.345980644226074 -12.630498886108398 1.9988000392913818
-4.345980644226074 -17.68269920349121 1.8877555131912231
-4.345980644226074 -22.734899520874023 1.5546221733093262
-4.345980644226074 -27.787097930908203 1.11044442653656
-4.345980644226074 -32.839298248291016 9.327733039855957
7.105427357601002e-15 -35.36539840698242 4.997000217437744
7.105427357601002e-15 -30.31319808959961 1.8877555131912231
7.105427357601002e-15 -25.260997772216797 1.5546221733093262
7.105427357601002e-15 -20.208799362182617 1.8877555131912231
7.105427357601002e-15 -15.156599044799805 1.6656666994094849
7.105427357601002e-15 -10.104399681091309 1.5546221733093262
7.105427357601002e-15 -5.052199840545654 1.8877555131912231
7.105427357601002e-15 -5.3290705182007514e-14 2.109844446182251
7.105427357601002e-15 5.052199840545654 1.11044442653656
7.105427357601002e-15 15.156599044799805 1.5546221733093262
7.105427357601002e-15 20.208799362182617 2.887155532836914
7.105427357601002e-15 25.260997772216797 1.2214888334274292
7.105427357601002e-15 30.31319808959961 1.9988000392913818
7.105427357601002e-15 35.36539840698242 5.885355472564697
4.345980644226074 37.89149856567383 1.6656666994094849
4.345980644226074 32.839298248291016 5.663266658782959
4.345980644226074 27.787097930908203 2.109844446182251
4.345980644226074 22.734899520874023 1.2214888334274292
4.345980644226074 17.68269920349121 2.109844446182251
4.345980644226074 12.630498886108398 2.109844446182251
4.345980644226074 7.578299522399902 1.8877555131912231
4.345980644226074 2.526099920272827 2.109844446182251
4.345980644226074 -2.526099920272827 2.3319332599639893
4.345980644226074 -7.578299522399902 1.2214888334274292
4.345980644226074 -17.68269920349121 1.2214888334274292
4.345980644226074 -22.734899520874023 2.22088885307312
4.345980644226074 -27.787097930908203 1.2214888334274292
4.345980644226074 -32.839298248291016 2.998199939727783
4.345980644226074 -37.89149856567383 1.2214888334274292
8.691961288452148 -25.260997772216797 1.9988000392913818
8.691961288452148 -20.208799362182617 2.665066719055176
8.691961288452148 -15.156599044799805 1.11044442653656
8.691961288452148 -10.104399681091309 1.11044442653656
8.691961288452148 -5.052199840545654 2.3319332599639893
8.691961288452148 -6.750155989720952e-14 2.5540223121643066
8.691961288452148 5.052199840545654 1.8877555131912231
8.691961288452148 10.104399681091309 2.5540223121643066
8.691961288452148 15.156599044799805 2.109844446182251
8.691961288452148 20.208799362182617 1.11044442653656
8.691961288452148 25.260997772216797 1.332533359527588
8.691961288452148 30.31319808959961 4.44177770614624
8.691961288452148 35.36539840698242 2.887155532836914
13.037941932678223 32.839298248291016 2.22088885307312
13.037941932678223 27.787097930908203 3.7755110263824463
13.037941932678223 22.734899520874023 2.665066719055176
13.037941932678223 17.68269920349121 1.776711106300354
13.037941932678223 12.630498886108398 1.8877555131912231
13.037941932678223 7.578299522399902 1.11044442653656
13.037941932678223 2.526099920272827 1.11044442653656
13.037941932678223 -2.526099920272827 2.109844446182251
13.037941932678223 -7.578299522399902 2.22088885307312
13.037941932678223 -12.630498886108398 1.11044442653656
13.037941932678223 -17.68269920349121 2.665066719055176
13.037941932678223 -22.734899520874023 2.3319332599639893
13.037941932678223 -27.787097930908203 1.332533359527588
17.383922576904297 -25.260997772216797 1.11044442653656
17.383922576904297 -20.208799362182617 1.9988000392913818
17.383922576904297 -15.156599044799805 1.8877555131912231
17.383922576904297 -10.104399681091309 2.3319332599639893
17.383922576904297 -5.052199840545654 1.9988000392913818
17.383922576904297 -8.171241461241152e-14 1.11044442653656
17.383922576904297 15.156599044799805 2.5540223121643066
17.383922576904297 20.208799362182617 3.9976000785827637
17.383922576904297 25.260997772216797 4.885955333709717
17.383922576904297 30.31319808959961 1.332533359527588
21.729902267456055 27.787097930908203 1.11044442653656
21.729902267456055 22.734899520874023 2.998199939727783
21.729902267456055 17.68269920349121 2.998199939727783
21.729902267456055 -2.526099920272827 1.5546221733093262
21.729902267456055 -7.578299522399902 3.442377805709839
21.729902267456055 -12.630498886108398 5.108044624328613
21.729902267456055 -17.68269920349121 2.887155532836914
21.729902267456055 -22.734899520874023 1.8877555131912231
26.075883865356445 -20.208799362182617 1.11044442653656
26.075883865356445 -15.156599044799805 2.4429776668548584
26.075883865356445 -10.104399681091309 1.332533359527588
####ControlPointIndex
8
####SpotTunnedID
4.0
####CumulativeMetersetWeight
5479.932289
####Energy (MeV)
102.876
####NbOfScannedSpots
128
####X Y Weight
-26.383045196533203 -10.218669891357422 1.332533359527588
-26.383045196533203 -5.109334945678711 1.332533359527588
-26.383045196533203 -1.7763568394002505e-15 1.8877555131912231
-21.985870361328125 28.101341247558594 3.442377805709839
-21.985870361328125 22.992006301879883 4.108644485473633
-21.985870361328125 17.882671356201172 2.887155532836914
-21.985870361328125 12.773336410522461 3.1092443466186523
-21.985870361328125 7.664001941680908 2.22088885307312
-21.985870361328125 2.5546674728393555 1.11044442653656
-21.985870361328125 -2.5546674728393555 1.332533359527588
-21.985870361328125 -7.664001941680908 6.440577983856201
-21.985870361328125 -12.773336410522461 9.549821853637695
-21.985870361328125 -17.882671356201172 1.9988000392913818
-17.58869743347168 -25.546672821044922 1.332533359527588
-17.58869743347168 -20.437339782714844 2.4429776668548584
-17.58869743347168 -15.328003883361816 4.6638665199279785
-17.58869743347168 -10.218669891357422 2.4429776668548584
-17.58869743347168 -1.7763568394002505e-15 1.11044442653656
-17.58869743347168 5.109334945678711 1.11044442653656
-17.58869743347168 10.218669891357422 1.11044442653656
-17.58869743347168 15.328003883361816 1.11044442653656
-17.58869743347168 20.437339782714844 1.11044442653656
-17.58869743347168 25.546672821044922 3.2202889919281006
-17.58869743347168 30.656007766723633 2.998199939727783
-17.58869743347168 35.765342712402344 1.11044442653656
-13.191522598266602 33.21067428588867 4.330733299255371
-13.191522598266602 28.101341247558594 3.8865556716918945
-13.191522598266602 22.992006301879883 1.6656666994094849
-13.191522598266602 17.882671356201172 2.776111125946045
-13.191522598266602 12.773336410522461 3.2202889919281006
-13.191522598266602 7.664001941680908 2.665066719055176
-13.191522598266602 2.5546674728393555 2.109844446182251
-13.191522598266602 -17.882671356201172 1.11044442653656
-13.191522598266602 -22.992006301879883 1.9988000392913818
-13.191522598266602 -28.101341247558594 1.776711106300354
-8.79434871673584 -35.765342712402344 1.443577766418457
-8.79434871673584 -30.656007766723633 3.664466619491577
-8.79434871673584 -25.546672821044922 1.443577766418457
-8.79434871673584 -20.437339782714844 2.22088885307312
-8.79434871673584 -15.328003883361816 1.776711106300354
-8.79434871673584 -5.109334945678711 1.6656666994094849
-8.79434871673584 -1.7763568394002505e-15 2.109844446182251
-8.79434871673584 5.109334945678711 2.109844446182251
-8.79434871673584 10.218669891357422 1.9988000392913818
-8.79434871673584 15.328003883361816 1.9988000392913818
-8.79434871673584 20.437339782714844 1.5546221733093262
-8.79434871673584 25.546672821044922 1.11044442653656
-8.79434871673584 30.656007766723633 2.998199939727783
-8.79434871673584 35.765342712402344 4.552822113037109
-4.39717435836792 38.320011138916016 1.11044442653656
-4.39717435836792 33.21067428588867 5.219089031219482
-4.39717435836792 28.101341247558594 1.5546221733093262
-4.39717435836792 22.992006301879883 1.9988000392913818
-4.39717435836792 17.882671356201172 3.442377805709839
-4.39717435836792 12.773336410522461 1.2214888334274292
-4.39717435836792 7.664001941680908 1.8877555131912231
-4.39717435836792 2.5546674728393555 2.3319332599639893
-4.39717435836792 -2.5546674728393555 1.9988000392913818
-4.39717435836792 -7.664001941680908 1.9988000392913818
-4.39717435836792 -12.773336410522461 2.22088885307312
-4.39717435836792 -17.882671356201172 1.8877555131912231
-4.39717435836792 -22.992006301879883 1.332533359527588
-4.39717435836792 -28.101341247558594 1.11044442653656
-4.39717435836792 -33.21067428588867 5.441177845001221
-4.39717435836792 -38.320011138916016 1.11044442653656
0.0 -35.765342712402344 2.776111125946045
0.0 -30.656007766723633 1.11044442653656
0.0 -25.546672821044922 1.5546221733093262
0.0 -20.437339782714844 1.9988000392913818
0.0 -15.328003883361816 1.11044442653656
0.0 -10.218669891357422 1.11044442653656
0.0 -5.109334945678711 1.443577766418457
0.0 -1.7763568394002505e-15 1.8877555131912231
0.0 5.109334945678711 1.776711106300354
0.0 10.218669891357422 1.2214888334274292
0.0 15.328003883361816 1.6656666994094849
0.0 20.437339782714844 2.22088885307312
0.0 25.546672821044922 1.11044442653656
0.0 30.656007766723633 3.2202889919281006
0.0 35.765342712402344 3.664466619491577
4.39717435836792 38.320011138916016 1.11044442653656
4.39717435836792 33.21067428588867 5.108044624328613
4.39717435836792 28.101341247558594 1.6656666994094849
4.39717435836792 22.992006301879883 1.11044442653656
4.39717435836792 17.882671356201172 2.665066719055176
4.39717435836792 12.773336410522461 3.2202889919281006
4.39717435836792 7.664001941680908 1.9988000392913818
4.39717435836792 2.5546674728393555 1.11044442653656
4.39717435836792 -2.5546674728393555 1.8877555131912231
4.39717435836792 -7.664001941680908 1.332533359527588
4.39717435836792 -17.882671356201172 1.5546221733093262
4.39717435836792 -22.992006301879883 1.776711106300354
4.39717435836792 -28.101341247558594 1.11044442653656
4.39717435836792 -33.21067428588867 1.11044442653656
8.79434871673584 -25.546672821044922 1.11044442653656
8.79434871673584 -20.437339782714844 1.9988000392913818
8.79434871673584 -15.328003883361816 1.332533359527588
8.79434871673584 -10.218669891357422 1.6656666994094849
8.79434871673584 -5.109334945678711 1.6656666994094849
8.79434871673584 -1.7763568394002505e-15 1.11044442653656
8.79434871673584 10.218669891357422 2.109844446182251
8.79434871673584 15.328003883361816 2.998199939727783
8.79434871673584 20.437339782714844 2.22088885307312
8.79434871673584 25.546672821044922 1.6656666994094849
8.79434871673584 30.656007766723633 2.5540223121643066
8.79434871673584 35.765342712402344 1.332533359527588
13.191522598266602 33.21067428588867 1.443577766418457
13.191522598266602 28.101341247558594 2.998199939727783
13.191522598266602 22.992006301879883 1.11044442653656
13.191522598266602 17.882671356201172 1.6656666994094849
13.191522598266602 12.773336410522461 1.5546221733093262
13.191522598266602 -2.5546674728393555 1.443577766418457
13.191522598266602 -7.664001941680908 1.11044442653656
13.191522598266602 -12.773336410522461 3.7755110263824463
13.191522598266602 -17.882671356201172 2.5540223121643066
13.191522598266602 -22.992006301879883 2.5540223121643066
17.58869743347168 -20.437339782714844 1.776711106300354
17.58869743347168 -15.328003883361816 3.1092443466186523
17.58869743347168 -10.218669891357422 1.11044442653656
17.58869743347168 -5.109334945678711 1.2214888334274292
17.58869743347168 20.437339782714844 3.9976000785827637
17.58869743347168 25.546672821044922 2.3319332599639893
21.985870361328125 22.992006301879883 1.2214888334274292
21.985870361328125 -7.664001941680908 1.2214888334274292
21.985870361328125 -12.773336410522461 3.3313333988189697
21.985870361328125 -17.882671356201172 2.22088885307312
21.985870361328125 -22.992006301879883 1.11044442653656
26.383045196533203 -15.328003883361816 1.11044442653656
####ControlPointIndex
9
####SpotTunnedID
4.0
####CumulativeMetersetWeight
5756.877133
####Energy (MeV)
99.252
####NbOfScannedSpots
83
####X Y Weight
-22.231197357177734 28.416553497314453 1.11044442653656
-22.231197357177734 23.249908447265625 1.11044442653656
-22.231197357177734 12.91661548614502 1.11044442653656
-22.231197357177734 2.5833230018615723 1.11044442653656
-22.231197357177734 -2.5833230018615723 1.5546221733093262
-22.231197357177734 -7.749969482421875 6.55162239074707
-22.231197357177734 -12.91661548614502 7.995200157165527
-17.784957885742188 -20.666584014892578 1.776711106300354
-17.784957885742188 -15.49993896484375 4.6638665199279785
-17.784957885742188 -10.333292007446289 12.881155967712402
-17.784957885742188 -5.1666460037231445 1.776711106300354
-17.784957885742188 -5.329070518200751e-15 1.11044442653656
-17.784957885742188 10.333292007446289 1.11044442653656
-17.784957885742188 15.49993896484375 1.11044442653656
-17.784957885742188 20.666584014892578 1.11044442653656
-17.784957885742188 25.83323097229004 1.11044442653656
-17.784957885742188 30.9998779296875 1.776711106300354
-13.33871841430664 33.58319854736328 2.3319332599639893
-13.33871841430664 28.416553497314453 1.11044442653656
-13.33871841430664 18.083261489868164 1.11044442653656
-13.33871841430664 12.91661548614502 1.2214888334274292
-13.33871841430664 -23.249908447265625 1.332533359527588
-8.892478942871094 -30.9998779296875 1.6656666994094849
-8.892478942871094 -25.83323097229004 1.2214888334274292
-8.892478942871094 -20.666584014892578 1.2214888334274292
-8.892478942871094 -15.49993896484375 2.5540223121643066
-8.892478942871094 -5.1666460037231445 1.332533359527588
-8.892478942871094 5.1666460037231445 1.776711106300354
-8.892478942871094 10.333292007446289 1.11044442653656
-8.892478942871094 15.49993896484375 2.3319332599639893
-8.892478942871094 20.666584014892578 1.9988000392913818
-8.892478942871094 25.83323097229004 1.11044442653656
-8.892478942871094 30.9998779296875 1.11044442653656
-8.892478942871094 36.16652297973633 2.3319332599639893
-4.446239471435547 38.749847412109375 1.11044442653656
-4.446239471435547 33.58319854736328 1.5546221733093262
-4.446239471435547 28.416553497314453 1.2214888334274292
-4.446239471435547 23.249908447265625 1.5546221733093262
-4.446239471435547 18.083261489868164 3.2202889919281006
-4.446239471435547 12.91661548614502 1.332533359527588
-4.446239471435547 7.749969482421875 1.11044442653656
-4.446239471435547 2.5833230018615723 1.11044442653656
-4.446239471435547 -2.5833230018615723 1.11044442653656
-4.446239471435547 -7.749969482421875 2.109844446182251
-4.446239471435547 -12.91661548614502 3.442377805709839
-4.446239471435547 -18.083261489868164 2.665066719055176
-4.446239471435547 -23.249908447265625 1.11044442653656
-4.446239471435547 -33.58319854736328 3.8865556716918945
0.0 -20.666584014892578 1.8877555131912231
0.0 -15.49993896484375 1.5546221733093262
0.0 -10.333292007446289 1.332533359527588
0.0 -5.1666460037231445 1.11044442653656
0.0 10.333292007446289 1.443577766418457
0.0 15.49993896484375 1.9988000392913818
0.0 20.666584014892578 3.1092443466186523
0.0 25.83323097229004 1.332533359527588
0.0 30.9998779296875 1.11044442653656
0.0 36.16652297973633 1.776711106300354
4.446239471435547 33.58319854736328 2.109844446182251
4.446239471435547 23.249908447265625 2.109844446182251
4.446239471435547 18.083261489868164 2.776111125946045
4.446239471435547 12.91661548614502 1.6656666994094849
4.446239471435547 -2.5833230018615723 1.11044442653656
4.446239471435547 -7.749969482421875 1.332533359527588
4.446239471435547 -12.91661548614502 2.887155532836914
4.446239471435547 -18.083261489868164 1.5546221733093262
4.446239471435547 -23.249908447265625 1.5546221733093262
8.892478942871094 -20.666584014892578 1.443577766418457
8.892478942871094 -15.49993896484375 3.442377805709839
8.892478942871094 -10.333292007446289 2.4429776668548584
8.892478942871094 -5.1666460037231445 1.11044442653656
8.892478942871094 15.49993896484375 2.109844446182251
8.892478942871094 20.666584014892578 1.8877555131912231
8.892478942871094 30.9998779296875 1.11044442653656
13.33871841430664 28.416553497314453 1.11044442653656
13.33871841430664 23.249908447265625 1.11044442653656
13.33871841430664 -12.91661548614502 1.5546221733093262
13.33871841430664 -18.083261489868164 2.5540223121643066
17.784957885742188 -20.666584014892578 1.11044442653656
17.784957885742188 -15.49993896484375 1.11044442653656
17.784957885742188 -10.333292007446289 1.443577766418457
17.784957885742188 20.666584014892578 1.2214888334274292
22.231197357177734 -18.083261489868164 1.11044442653656
####ControlPointIndex
10
####SpotTunnedID
4.0
####CumulativeMetersetWeight
5918.890978
####Energy (MeV)
95.661
####NbOfScannedSpots
14
####X Y Weight
-22.49112319946289 -7.8640923500061035 1.2214888334274292
-13.494673728942871 -7.8640923500061035 1.776711106300354
-13.494673728942871 -13.106820106506348 2.665066719055176
-4.498224258422852 23.59227752685547 1.5546221733093262
-4.498224258422852 -7.8640923500061035 1.6656666994094849
-4.498224258422852 -13.106820106506348 1.8877555131912231
-4.498224258422852 -18.34954833984375 2.887155532836914
7.105427357601002e-15 -15.728184700012207 1.332533359527588
7.105427357601002e-15 -10.485456466674805 1.9988000392913818
4.498224258422852 23.59227752685547 1.11044442653656
4.498224258422852 -13.106820106506348 2.5540223121643066
4.498224258422852 -18.34954833984375 1.11044442653656
8.996448516845703 20.97091293334961 1.11044442653656
8.996448516845703 -15.728184700012207 1.11044442653656
